/*--------------------------------*- C++ -*----------------------------------*\
| =========                 |                                                 |
| \\      /  F ield         | OpenFOAM: The Open Source CFD Toolbox           |
|  \\    /   O peration     | Version:  2406                                  |
|   \\  /    A nd           | Website:  www.openfoam.com                      |
|    \\/     M anipulation  |                                                 |
\*---------------------------------------------------------------------------*/
FoamFile
{
    version     2.0;
    format      ascii;
    arch        "LSB;label=32;scalar=64";
    class       volScalarField;
    location    "500";
    object      p;
}
// * * * * * * * * * * * * * * * * * * * * * * * * * * * * * * * * * * * * * //

dimensions      [0 2 -2 0 0 0 0];

internalField   nonuniform List<scalar> 
10720
(
-62.2789
-133.566
-217.415
-300.052
-376.413
-454.201
-523.216
-581.16
-631.497
-670.883
-700.871
-722.957
-738.267
-747.527
-750.914
-747.78
-739.033
-723.62
-702.968
-677.14
-649.495
-623.087
-600.483
-573.52
-533.277
-482.197
-429.824
-384.23
-344.987
-308.071
-271.579
-235.417
-199.631
-163.849
-127.669
-90.0576
-51.5573
-6.9222
26.0016
9.0887
74.1304
143.468
208.203
263.522
305.438
330.179
338.464
336.064
323.159
302.13
278.586
255.041
232.258
210.877
190.764
171.976
154.079
136.805
119.661
102.596
85.3016
67.8683
50.7087
35.6906
23.8547
14.1402
6.25893
0.395816
-3.48381
-5.62823
-6.18568
-5.23884
-2.79396
1.15759
6.96945
15.2157
29.1394
52.8294
43.2066
-10.9482
-71.6206
-136.06
-202.279
-270.055
-335.834
-397.538
-454.485
-504.916
-548.623
-585.612
-615.789
-639.15
-655.516
-664.582
-667.1
-662.955
-653.198
-638.376
-621.138
-603.843
-587.572
-565.162
-528.405
-479.356
-428.215
-383.161
-344.105
-307.267
-270.803
-234.679
-198.965
-163.278
-127.204
-89.6898
-51.2684
-6.61783
25.692
91.937
138.388
184.722
229.415
268.8
300.266
320.675
329.369
327.941
317.252
300.069
279.872
258.609
237.223
216.418
196.444
177.431
159.196
141.542
124.141
106.892
89.59
72.3172
55.4984
40.6062
28.5679
18.7005
10.5898
4.19974
-0.369552
-3.13091
-4.17889
-3.61698
-1.478
2.23674
7.87171
15.9852
29.8303
52.5895
56.9854
8.32857
-46.4579
-106.948
-169.665
-233.947
-298.23
-359.852
-417.232
-469.37
-515.016
-553.614
-584.859
-608.942
-626.097
-636.74
-640.902
-638.644
-630.613
-617.534
-601.267
-583.843
-566.421
-544.537
-511.357
-467.256
-420.361
-377.833
-340.186
-304.374
-268.758
-233.28
-197.986
-162.551
-126.645
-89.2643
-50.9482
-6.36824
25.8141
100.892
143.549
185.976
226.145
260.846
288.457
306.875
315.792
315.951
308.014
294.061
276.444
256.946
236.734
216.619
197.036
178.185
160.031
142.43
125.14
108.028
90.9531
73.9783
57.4859
42.6387
30.3401
20.2191
11.9207
5.43079
0.836963
-1.92427
-3.01078
-2.5405
-0.527696
3.0583
8.57977
16.605
30.3157
52.1932
79.5932
38.8047
-7.79159
-59.0343
-112.833
-169.119
-226.228
-282.399
-336.308
-386.799
-432.751
-473.435
-508.385
-537.451
-560.51
-577.684
-588.523
-592.983
-591.377
-584.321
-573.101
-559.264
-543.646
-523.38
-493.54
-454.076
-411.204
-371.127
-334.898
-300.201
-265.574
-230.923
-196.303
-161.408
-125.893
-88.784
-50.6491
-6.26891
26.0201
116.128
151.215
186.408
220.361
250.079
274.299
291.207
300.32
301.883
296.36
285.347
270.587
253.541
235.31
216.68
198.137
179.955
162.219
144.872
127.77
110.812
93.9233
77.1757
60.9282
46.1399
33.6607
23.3234
14.8045
8.06031
3.15264
0.0253248
-1.42607
-1.27743
0.476477
3.87045
9.25608
17.1826
30.72
51.7487
85.7189
49.4028
7.72058
-38.4519
-87.0609
-138.518
-191.449
-244.243
-295.889
-345.231
-391.12
-432.75
-469.438
-500.688
-526.2
-545.662
-558.826
-565.695
-566.508
-561.887
-552.849
-540.682
-526.03
-506.853
-479.341
-443.144
-403.152
-364.862
-329.683
-295.864
-262.079
-228.185
-194.223
-159.896
-124.872
-88.1847
-50.358
-6.31089
26.0839
118.329
149.479
180.808
211.029
237.501
259.35
275.182
284.416
287.082
283.599
275.12
262.959
248.258
231.978
214.87
197.443
180.032
162.815
145.826
129.008
112.305
95.6861
79.2369
63.2885
48.6332
36.0441
25.5131
16.7832
9.81553
4.67809
1.34423
-0.271669
-0.251541
1.3943
4.69386
9.99262
17.8271
31.1553
51.2956
89.5108
57.3585
20.2615
-20.7997
-64.0403
-110.161
-157.879
-205.916
-253.532
-299.669
-343.359
-383.833
-420.355
-452.326
-479.32
-500.962
-517.13
-527.63
-532.467
-532.006
-526.92
-518.104
-505.961
-489.017
-464.365
-431.583
-394.625
-358.37
-324.448
-291.58
-258.612
-225.423
-192.081
-158.306
-123.77
-87.5325
-50.0961
-6.52418
25.9694
118.384
145.861
173.697
200.747
224.57
244.522
259.472
268.741
272.236
270.374
263.999
254.126
241.648
227.365
211.951
195.887
179.524
163.092
146.691
130.337
114.021
97.7574
81.6487
66.0095
51.5151
38.8683
28.1816
19.275
12.115
6.76582
3.21333
1.37417
1.17131
2.60143
5.70646
10.8369
18.5161
31.5754
50.8029
89.4303
60.4126
26.844
-10.3456
-49.4318
-91.3483
-134.959
-179.142
-223.404
-266.806
-308.509
-347.827
-384.012
-416.415
-444.517
-467.868
-486.06
-498.826
-506.017
-507.913
-505.057
-498.153
-487.52
-472.151
-449.868
-420.17
-386.116
-351.903
-319.272
-287.374
-255.234
-222.735
-189.965
-156.699
-122.653
-86.9026
-49.9268
-6.94617
25.6505
115.515
140.26
165.455
190.042
211.779
230.21
244.408
253.628
257.737
257.144
252.491
244.574
234.096
221.702
207.968
193.32
178.099
162.56
146.852
131.048
115.19
99.3344
83.6021
68.2947
53.9981
41.351
30.5497
21.4897
14.1483
8.58901
4.8123
2.75327
2.34679
3.59833
6.55438
11.5589
19.1126
31.8982
50.2357
87.7504
61.4108
30.8768
-2.92058
-38.3459
-76.4575
-116.209
-156.624
-197.381
-237.678
-276.792
-314.15
-349.062
-380.892
-409.081
-433.119
-452.542
-467.113
-476.629
-481.154
-480.988
-476.561
-468.033
-454.674
-434.887
-408.21
-377.018
-344.91
-313.678
-282.849
-251.627
-219.904
-187.775
-155.05
-121.496
-86.2553
-49.8317
-7.56076
25.0755
111.464
133.91
156.893
179.43
199.432
216.602
230.124
239.226
243.784
244.171
240.906
234.634
225.911
215.255
203.144
189.937
175.943
161.417
146.534
131.405
116.113
100.75
85.4547
70.518
56.4647
43.8777
33.0108
23.8314
16.335
10.5874
6.60503
4.33887
3.73192
4.79348
7.57621
12.4193
19.8028
32.2472
49.6666
84.8546
60.7363
32.7445
1.78413
-30.5658
-65.4279
-101.856
-138.97
-176.59
-214.019
-250.653
-286.029
-319.525
-350.544
-378.538
-402.969
-423.344
-439.294
-450.534
-456.96
-458.735
-456.156
-449.311
-437.683
-420.103
-396.153
-367.643
-337.609
-307.817
-278.097
-247.828
-216.917
-185.471
-153.331
-120.296
-85.5735
-49.7482
-8.27325
24.2253
106.6
127.152
148.297
169.117
187.655
203.756
216.661
225.598
230.47
231.611
229.46
224.553
217.345
208.248
197.652
185.848
173.101
159.649
145.668
131.295
116.644
101.834
87.019
72.4852
58.7115
46.2346
35.3454
26.0761
18.4452
12.5233
8.34142
5.86787
5.05753
5.92758
8.53762
13.22
20.4293
32.5143
49.0378
81.3068
59.0951
33.2979
4.80002
-24.8811
-56.8932
-90.3564
-124.476
-159.175
-193.84
-227.976
-261.215
-293.005
-322.827
-350.152
-374.443
-395.191
-411.988
-424.53
-432.605
-436.215
-435.492
-430.422
-420.607
-405.199
-383.841
-357.916
-329.962
-301.667
-273.106
-243.829
-213.767
-183.037
-151.517
-119.038
-84.8613
-49.648
-9.02583
23.1495
101.368
120.304
139.88
159.228
176.508
191.676
204.014
212.753
217.831
219.549
218.288
214.506
208.587
200.865
191.655
181.184
169.672
157.323
144.303
130.758
116.821
102.628
88.3481
74.2596
60.8095
48.4979
37.6377
28.3166
20.5801
14.5062
10.1408
7.47074
6.46252
7.13974
9.56935
14.0748
21.0839
32.7623
48.3787
77.3737
56.8078
32.9121
6.54975
-20.8111
-50.3314
-81.1844
-112.647
-144.7
-176.815
-208.587
-239.734
-269.772
-298.25
-324.69
-348.579
-369.411
-386.752
-400.24
-409.585
-414.649
-415.459
-411.946
-403.793
-390.382
-371.414
-347.928
-322.017
-295.249
-267.887
-239.637
-210.459
-180.48
-149.612
-117.724
-84.1274
-49.5267
-9.82775
21.9137
95.9804
113.528
131.746
149.817
166.003
180.341
192.148
200.671
205.871
208.026
207.471
204.614
199.786
193.261
185.297
176.067
165.743
154.492
142.463
129.794
116.625
103.103
89.4029
75.7967
62.7101
50.6125
39.8287
30.4921
22.6769
16.4713
11.9359
9.07595
7.87228
8.35579
10.6015
14.9223
21.7169
32.9621
47.6841
73.2588
54.1357
31.9109
7.42695
-17.8971
-45.2156
-73.7461
-102.822
-132.473
-162.232
-191.767
-220.868
-249.12
-276.141
-301.502
-324.727
-345.333
-362.874
-376.96
-387.275
-393.554
-395.731
-393.678
-387.121
-375.598
-358.861
-337.686
-313.779
-288.565
-262.44
-235.253
-206.995
-177.801
-147.621
-116.356
-83.3801
-49.4026
-10.6949
20.5445
90.5946
106.929
123.959
140.902
156.125
169.714
181.02
189.316
194.572
197.053
197.061
194.961
191.049
185.558
178.701
170.606
161.404
151.225
140.19
128.425
116.066
103.262
90.1834
77.0991
64.4167
52.5818
41.9234
32.6116
24.7491
18.4366
13.7493
10.7114
9.31858
9.6088
11.6654
15.789
22.3479
33.1264
46.9589
69.0916
51.2415
30.4975
7.67732
-15.8452
-41.2085
-67.6693
-94.6032
-122.082
-149.688
-177.142
-204.296
-230.795
-256.321
-280.503
-302.907
-323.08
-340.585
-355.003
-366.009
-373.245
-376.564
-375.799
-370.703
-360.92
-346.242
-327.236
-305.274
-281.625
-256.77
-230.677
-203.373
-175.001
-145.541
-114.935
-82.619
-49.2971
-11.6279
19.0476
85.3004
100.57
116.542
132.481
146.845
159.753
170.585
178.646
183.909
186.63
187.082
185.601
182.456
177.853
171.968
164.898
156.738
147.585
137.53
126.679
115.155
103.1
90.6797
78.1536
65.9136
54.3863
43.9002
34.6532
26.7752
20.381
15.5605
12.3563
10.7806
10.8785
12.7422
16.6587
22.9648
33.2509
46.2058
64.9584
48.2423
28.8222
7.48851
-14.4272
-38.0432
-62.6503
-87.6567
-113.168
-138.804
-164.329
-189.643
-214.448
-238.478
-261.42
-282.888
-302.458
-319.715
-334.231
-345.678
-353.651
-357.924
-358.298
-354.54
-346.364
-333.586
-316.61
-296.527
-274.443
-250.881
-225.91
-199.59
-172.074
-143.372
-113.459
-81.8407
-49.2173
-12.6236
17.4376
80.1607
94.48
109.508
124.542
138.134
150.414
160.795
168.62
173.852
176.744
177.546
176.57
174.067
170.22
165.184
159.031
151.827
143.64
134.534
124.588
113.909
102.625
90.8925
78.9566
67.1947
56.0174
45.7494
36.6082
28.7484
22.3
17.3674
14.0115
12.2611
12.1691
13.8364
17.5352
23.57
33.3393
45.4285
60.9148
45.2188
26.9898
6.99399
-13.4809
-35.5275
-58.4636
-81.7329
-105.458
-129.291
-153.035
-176.627
-199.817
-222.387
-244.071
-264.531
-283.381
-300.232
-314.666
-326.346
-334.854
-339.895
-341.248
-338.688
-331.975
-320.938
-305.852
-287.569
-267.034
-244.782
-220.955
-195.649
-169.022
-141.111
-111.927
-81.0438
-49.1587
-13.6797
15.727
75.2126
88.677
102.851
117.067
129.954
141.654
151.61
159.193
164.368
167.375
168.452
167.886
165.918
162.718
158.419
153.08
146.744
139.454
131.25
122.187
112.349
101.849
90.8249
79.5054
68.253
57.4645
47.4574
38.4625
30.6553
24.1813
19.1591
15.6672
13.7517
13.4731
14.9412
18.4126
24.1592
33.3919
44.6309
56.9979
42.227
25.0766
6.29259
-12.8826
-33.5092
-54.9333
-76.6292
-98.7292
-120.914
-143.018
-165.008
-186.668
-207.826
-228.26
-247.675
-265.724
-282.049
-296.251
-307.984
-316.849
-322.492
-324.673
-323.174
-317.782
-308.333
-294.998
-278.43
-259.419
-238.481
-215.818
-191.55
-165.843
-138.759
-110.339
-80.228
-49.118
-14.7893
13.9221
70.4768
83.1678
96.5656
110.033
122.275
133.434
142.987
150.33
155.424
158.504
159.794
159.562
158.041
155.388
151.727
147.105
141.551
135.086
127.73
119.515
110.504
100.787
90.4826
79.8003
69.0857
58.7206
49.0143
40.2052
32.4855
26.0155
20.9277
17.3174
15.2477
14.7874
16.0544
19.2892
24.7315
33.4113
43.817
53.2328
39.3035
23.1358
5.45669
-12.5397
-31.8752
-51.927
-72.1912
-92.8097
-113.488
-134.083
-154.581
-174.803
-194.612
-213.824
-232.183
-249.383
-265.096
-278.947
-290.59
-299.655
-305.747
-308.612
-308.035
-303.822
-295.811
-284.09
-269.144
-251.618
-231.994
-210.505
-187.297
-162.538
-136.314
-108.694
-79.3928
-49.093
-15.9446
12.0292
65.964
77.9516
90.6379
103.418
115.064
125.718
134.887
141.991
146.987
150.108
151.56
151.599
150.449
148.262
145.152
141.16
136.303
130.591
124.024
116.615
108.404
99.4587
89.8776
79.846
69.691
59.7796
50.4105
41.8247
34.2273
27.7917
22.6635
18.9536
16.7422
16.1062
17.1709
20.1612
25.2847
33.3995
42.9907
49.6332
36.4742
21.2095
4.53918
-12.379
-30.5388
-49.3366
-68.2957
-87.5598
-106.857
-126.06
-145.178
-164.054
-182.583
-200.613
-217.924
-234.249
-249.29
-262.699
-274.137
-283.266
-289.673
-293.087
-293.299
-290.129
-283.412
-273.167
-259.745
-243.657
-225.334
-205.026
-182.894
-159.11
-133.778
-106.992
-78.5368
-49.0828
-17.1365
10.0595
61.678
73.021
85.052
97.197
108.29
118.471
127.274
134.141
139.03
142.163
143.737
143.995
143.155
141.363
138.728
135.286
131.049
126.017
120.177
113.525
106.08
97.888
89.0244
79.6498
70.0708
60.6383
51.6387
43.3115
35.8702
29.4994
24.3568
20.5678
18.2283
17.4241
18.2866
21.0254
25.817
33.359
42.157
46.2064
33.7571
19.3226
3.58246
-12.3495
-29.4295
-47.0796
-64.842
-82.8666
-100.895
-118.817
-136.655
-154.276
-171.596
-188.493
-204.779
-220.221
-234.551
-247.453
-258.6
-267.676
-274.278
-278.119
-278.993
-276.73
-271.168
-262.27
-250.27
-235.563
-218.52
-199.392
-178.348
-155.562
-131.15
-105.233
-77.659
-49.0856
-18.3562
8.02489
57.6185
68.3671
79.7918
91.3486
101.925
111.659
120.113
126.749
131.52
134.644
136.309
136.744
136.162
134.705
132.478
129.517
125.829
121.408
116.233
110.284
103.564
96.0986
87.9387
79.2213
70.2296
61.2958
52.6932
44.6568
37.404
31.1283
25.9979
22.151
19.6983
18.7348
19.3963
21.878
26.3269
33.2923
41.3204
42.9557
31.163
17.4961
2.61448
-12.4083
-28.4958
-45.0891
-61.7538
-78.6387
-95.4997
-112.239
-128.891
-145.34
-161.523
-177.342
-192.636
-207.203
-220.805
-233.153
-243.941
-252.869
-259.564
-263.72
-265.136
-263.656
-259.116
-251.436
-240.754
-227.364
-211.572
-193.616
-173.667
-151.897
-128.433
-103.416
-76.7572
-49.0985
-19.5951
5.93841
53.7811
63.9799
74.8416
85.8504
95.9417
105.254
113.376
119.783
124.432
127.532
129.261
129.837
129.47
128.299
126.423
123.88
120.676
116.802
112.23
106.93
100.89
94.1175
86.6417
78.5744
70.1739
61.753
53.5704
45.8533
38.8196
32.6686
27.5769
23.6943
21.1445
20.0318
20.4947
22.7155
26.813
33.2022
40.4851
39.8807
28.6975
15.744
1.65855
-12.5247
-27.6947
-43.3139
-58.9667
-74.8012
-90.5859
-106.234
-121.788
-137.147
-152.263
-167.06
-181.401
-195.11
-207.978
-219.741
-230.121
-238.827
-245.525
-249.897
-251.747
-250.932
-247.288
-240.702
-231.236
-219.091
-204.512
-187.714
-168.861
-148.122
-125.63
-101.542
-75.8295
-49.1172
-20.8438
3.81437
50.1612
59.8482
70.1847
80.6807
90.3167
99.2307
107.034
113.22
117.741
120.803
122.575
123.266
123.078
122.148
120.574
118.395
115.618
112.23
108.202
103.496
98.0896
91.9723
85.1549
77.7238
69.9125
62.0133
54.2686
46.8954
40.1087
34.1106
29.0841
25.1883
22.5586
21.308
21.5764
23.534
27.2739
33.0915
39.6559
36.9791
26.3641
14.0745
0.730424
-12.6736
-26.9938
-41.7109
-56.4291
-71.2916
-86.0825
-100.722
-115.259
-129.603
-143.721
-157.555
-170.984
-183.861
-196
-207.164
-217.097
-225.525
-232.151
-236.652
-238.838
-238.578
-235.712
-230.102
-221.749
-210.774
-197.365
-181.702
-163.941
-144.242
-122.743
-99.6116
-74.8737
-49.1371
-22.0921
1.66767
46.751
55.9604
65.8048
75.8196
85.0266
93.5634
101.062
107.031
111.423
114.438
116.236
117.017
116.978
116.253
114.94
113.078
110.675
107.72
104.18
100.015
95.1928
89.6899
83.4998
76.6861
69.4569
62.0826
54.7885
47.7795
41.2646
35.4457
30.51
26.6239
23.932
22.556
22.6354
24.3296
27.7083
32.9626
38.8373
34.2471
24.1625
12.4942
-0.157754
-12.8385
-26.3672
-40.2475
-54.0989
-68.0626
-81.932
-95.6377
-109.23
-122.631
-135.816
-148.742
-161.307
-173.382
-184.806
-195.366
-204.829
-212.936
-219.427
-223.982
-226.418
-226.613
-224.415
-219.669
-212.328
-202.446
-190.154
-175.6
-158.921
-140.267
-119.776
-97.6252
-73.8872
-49.1529
-23.3308
-0.487579
43.542
52.3055
61.6879
71.2489
80.0514
88.2301
95.4372
101.195
105.456
108.417
110.228
111.079
111.165
110.616
109.527
107.939
105.865
103.292
100.19
96.5145
92.228
87.297
81.7001
75.4802
68.8203
61.9685
55.1326
48.5032
42.2815
36.6662
31.8457
27.9917
25.2563
23.7682
23.6657
25.0984
28.1152
32.8184
38.0333
31.6795
22.0919
11.0057
-0.998074
-13.0034
-25.7949
-38.8962
-51.9424
-65.071
-78.0874
-90.9266
-103.642
-116.164
-128.478
-140.551
-152.298
-163.607
-174.334
-184.293
-193.273
-201.03
-207.334
-211.88
-214.489
-215.049
-213.419
-209.434
-203.006
-194.138
-182.908
-169.428
-153.815
-136.205
-116.734
-95.5838
-72.8679
-49.158
-24.5492
-2.63586
40.5265
48.871
57.819
66.9524
75.3719
83.2092
90.1363
95.6892
99.8215
102.722
104.534
105.44
105.63
105.23
104.334
102.987
101.2
98.966
96.253
93.0191
89.2212
84.819
79.7789
74.1251
68.0172
61.6805
55.3049
49.0667
43.1556
37.7652
33.083
29.2831
26.5227
24.9367
24.6612
25.8363
28.4935
32.661
37.248
29.2699
20.15
9.61074
-1.78513
-13.158
-25.2609
-37.6347
-49.9309
-62.2835
-74.5067
-86.5407
-98.4407
-110.146
-121.647
-132.92
-143.894
-154.472
-164.529
-173.898
-182.388
-189.776
-195.853
-200.338
-203.053
-203.898
-202.745
-199.422
-193.814
-185.881
-175.653
-163.207
-148.639
-132.068
-113.623
-93.4895
-71.8123
-49.1462
-25.7369
-4.76223
37.6958
45.6462
54.1841
62.9125
70.9688
78.4811
85.1404
90.4951
94.4991
97.3347
99.1404
100.089
100.364
100.092
99.3639
98.225
96.6908
94.7546
92.3881
89.5501
86.1958
82.2793
77.758
72.6403
67.0628
61.2297
55.3121
49.4711
43.8844
38.7376
34.2144
30.4894
27.7228
26.0539
25.6155
26.5394
28.8422
32.4927
36.4848
27.0124
18.3332
8.30882
-2.51551
-13.2954
-24.7532
-36.4468
-48.0429
-59.6718
-71.1562
-82.4418
-93.583
-104.526
-115.269
-125.793
-136.038
-145.923
-155.336
-164.13
-172.133
-179.141
-184.962
-189.342
-192.108
-193.168
-192.408
-189.658
-184.78
-177.702
-168.414
-156.96
-143.41
-127.866
-110.45
-91.3428
-70.719
-49.1097
-26.8833
-6.85144
35.0413
42.62
50.7699
59.1141
66.8257
74.0286
80.4301
85.5936
89.4711
92.2398
94.0316
95.0115
95.359
95.1959
94.6123
93.655
92.3418
90.6685
88.6097
86.126
83.1724
79.6994
75.6584
71.0442
65.9734
60.6279
55.1617
49.7198
44.467
39.5788
35.2333
31.6029
28.8486
27.1121
26.5224
27.2036
29.1603
32.3154
35.7466
24.9008
16.637
7.09905
-3.18702
-13.4094
-24.2615
-35.3179
-46.2593
-57.2124
-68.0075
-78.5959
-89.0306
-99.2645
-109.299
-119.123
-128.683
-137.911
-146.71
-154.947
-162.47
-169.092
-174.636
-178.878
-181.646
-182.86
-182.422
-180.163
-175.932
-169.631
-161.219
-150.71
-138.147
-123.613
-107.222
-89.1478
-69.5843
-49.0417
-27.9795
-8.88826
32.5541
39.7815
47.5641
55.5441
62.9273
69.8353
75.9894
80.9674
84.7209
87.4212
89.1938
90.1965
90.6034
90.5337
90.0759
89.2772
88.1578
86.7161
84.9298
82.762
80.1688
77.0994
73.5005
69.3569
64.7655
59.8885
54.8625
49.8178
44.9042
40.2863
36.1343
32.6166
29.8923
28.104
27.376
27.825
29.4468
32.1303
35.036
22.9281
15.0575
5.97866
-3.79853
-13.4966
-23.7789
-34.2368
-44.5656
-54.8861
-65.0377
-74.9754
-84.7522
-94.3239
-103.698
-112.865
-121.782
-130.39
-138.605
-146.307
-153.361
-159.598
-164.852
-168.929
-171.661
-172.978
-172.795
-170.953
-167.293
-161.695
-154.096
-144.479
-132.867
-119.323
-103.946
-86.9057
-68.4066
-48.9357
-29.0147
-10.8589
30.2257
37.1207
44.5551
52.1883
59.259
65.8857
71.8021
76.6009
80.2329
82.8639
84.6135
85.6319
86.0885
86.0989
85.7501
85.0899
84.1404
82.9025
81.3572
79.4705
77.2003
74.4967
71.3029
67.5956
63.4551
59.0248
54.425
49.7708
45.1981
40.8587
36.9135
33.5241
30.8467
29.0224
28.1702
28.3999
29.7006
31.9387
34.3546
21.0877
13.5894
4.94543
-4.35059
-13.5542
-23.3002
-33.195
-42.9486
-52.6766
-62.2267
-71.5559
-80.7183
-89.6731
-98.4289
-106.983
-115.297
-123.322
-130.982
-138.173
-144.772
-150.627
-155.586
-159.477
-162.141
-163.518
-163.535
-162.044
-158.882
-153.918
-147.067
-138.29
-127.589
-115.008
-100.633
-84.6204
-67.1834
-48.7824
-29.9803
-12.7499
28.0482
34.6277
41.7313
49.0344
55.807
62.1647
67.8534
72.4788
75.9924
78.5541
80.2774
81.3058
81.8036
81.8831
81.6286
81.0896
80.2891
79.2307
77.8984
76.2614
74.2804
71.9063
69.0817
65.777
62.0579
58.0503
53.8596
49.5866
45.3525
41.2961
37.5675
34.3207
31.7057
29.861
28.8995
28.9244
29.9206
31.7412
33.7036
19.3732
12.2278
3.99631
-4.84433
-13.5808
-22.8203
-32.1852
-41.3978
-50.57
-59.5562
-68.317
-76.9051
-85.2835
-93.4629
-101.443
-109.193
-116.668
-123.804
-130.508
-136.669
-142.151
-146.812
-150.503
-153.076
-154.475
-154.646
-153.447
-150.718
-146.32
-140.156
-132.166
-122.334
-110.684
-97.2899
-82.2958
-65.9129
-48.5767
-30.8665
-14.5489
26.0134
32.2931
39.0824
46.071
52.559
58.6594
64.1294
68.5873
71.9857
74.4782
76.1731
77.2069
77.7382
77.8775
77.7055
77.2725
76.603
75.7023
74.5579
73.1425
71.4193
69.3414
66.8519
63.9169
60.5892
56.9791
53.178
49.2732
45.3721
41.6001
38.0953
35.0022
32.4639
30.6139
29.5589
29.3952
30.1056
31.538
33.0832
17.778
10.9677
3.12764
-5.28105
-13.5759
-22.3371
-31.202
-39.9057
-48.5557
-57.0134
-65.2418
-73.2927
-81.1327
-88.773
-96.2171
-103.438
-110.398
-117.039
-123.28
-129.022
-134.141
-138.506
-141.99
-144.451
-145.845
-146.127
-145.17
-142.815
-138.923
-133.384
-126.128
-117.119
-106.366
-93.9284
-79.9356
-64.5944
-48.3115
-31.666
-16.2451
24.1136
30.1085
36.5981
43.2868
49.5029
55.357
60.6167
64.9138
68.2002
70.6242
72.2885
73.3238
73.8832
74.0735
73.9736
73.6334
73.079
72.3172
71.3385
70.1193
68.6257
66.8132
64.6266
62.0292
59.0632
55.8244
52.3916
48.8399
45.2631
41.7733
38.4964
35.5661
33.1169
31.276
30.1437
29.8089
30.2542
31.3289
32.4931
16.2957
9.80405
2.33597
-5.66282
-13.5395
-21.8483
-30.2413
-38.4659
-46.6248
-54.586
-62.3157
-69.8637
-77.1999
-84.3363
-91.2791
-98.0044
-104.481
-110.657
-116.46
-121.801
-126.57
-130.645
-133.916
-136.253
-137.618
-137.978
-137.217
-135.185
-131.741
-126.772
-120.195
-111.962
-102.068
-90.5576
-77.5448
-63.2273
-47.9811
-32.3715
-17.8288
22.3414
28.0653
34.2694
40.6713
46.6276
52.2458
57.3036
61.4456
64.6231
66.9796
68.6126
69.6464
70.2287
70.4627
70.4256
70.1672
69.7136
69.0742
68.2418
67.1958
65.906
64.3307
62.4172
60.127
57.4932
54.5991
51.5122
48.2961
45.0324
41.8199
38.772
36.0109
33.6616
31.8433
30.6499
30.1625
30.3653
31.1132
31.9323
14.9202
8.73165
1.61754
-5.99187
-13.4722
-21.3526
-29.2994
-37.0717
-44.7684
-52.2631
-59.5252
-66.6024
-73.4673
-80.1331
-86.6067
-92.8687
-98.8915
-104.63
-110.02
-114.981
-119.413
-123.206
-126.264
-128.467
-129.785
-130.195
-129.593
-127.836
-124.789
-120.335
-114.386
-106.882
-97.8054
-87.188
-75.1287
-61.811
-47.581
-32.9765
-19.2908
20.6897
26.1554
32.087
38.215
43.9227
49.3149
54.1789
58.1709
61.2432
63.5335
65.1343
66.1637
66.7644
67.0366
67.0543
66.8674
66.5027
65.9706
65.2672
64.3744
63.2652
61.9014
60.2329
58.221
55.8913
53.3153
50.551
47.6518
44.6876
41.7449
38.9244
36.3366
34.0959
32.3127
31.0742
30.4536
30.4373
30.8899
31.3989
13.6454
7.74561
0.968506
-6.27064
-13.3748
-20.8495
-28.3741
-35.7197
-42.9802
-50.0364
-56.8593
-63.4951
-69.9187
-76.1443
-82.1798
-88.0084
-93.6066
-98.9353
-103.935
-108.536
-112.647
-116.168
-119.014
-121.078
-122.336
-122.773
-122.297
-120.776
-118.078
-114.089
-108.716
-101.893
-93.5912
-83.83
-72.6928
-60.3474
-47.1068
-33.4756
-20.6247
19.1517
24.3712
30.0425
35.9086
41.3783
46.5539
51.2314
55.0791
58.0495
60.2747
61.8427
62.8657
63.4811
63.786
63.8518
63.7277
63.441
63.0038
62.4136
61.656
60.7067
59.5309
58.0816
56.321
54.2681
51.9845
49.5192
46.917
44.2371
41.5543
38.9571
36.5443
34.419
32.6821
31.4141
30.6799
30.4688
30.6575
30.8906
12.4658
6.84101
0.385055
-6.5018
-13.2489
-20.3387
-27.4637
-34.406
-41.2557
-47.8988
-54.309
-60.531
-66.5416
-72.3552
-77.9807
-83.4041
-88.6049
-93.5487
-98.1827
-102.443
-106.249
-109.509
-112.148
-114.071
-115.26
-115.706
-115.329
-114.008
-111.618
-108.046
-103.201
-97.011
-89.4392
-80.494
-70.2432
-58.8374
-46.5568
-33.8653
-21.8244
17.7207
22.7052
28.1279
33.7434
38.9851
43.9529
48.4512
52.1599
55.0315
57.193
58.7281
59.7428
60.3699
60.703
60.8108
60.7417
60.5237
60.1697
59.6793
59.0407
58.2325
57.2236
55.9701
54.4354
52.6335
50.617
48.4273
46.1015
43.6895
41.2549
38.875
36.6365
34.6315
32.9508
31.6678
30.8397
30.4586
30.4143
30.4045
11.3755
6.01319
-0.136681
-6.68807
-13.0958
-19.8203
-26.5667
-33.1276
-39.5897
-45.8437
-51.8662
-57.6998
-63.3232
-68.7514
-73.9938
-79.0384
-83.8675
-88.4509
-92.7414
-96.6817
-100.199
-103.21
-105.648
-107.431
-108.543
-108.985
-108.685
-107.534
-105.413
-102.216
-97.8525
-92.2488
-85.3616
-77.1895
-67.7865
-57.2835
-45.9295
-34.1426
-22.8862
16.3906
21.1508
26.3356
31.7112
36.7346
41.5028
45.8287
49.4032
52.1794
54.2788
55.7809
56.7859
57.4218
57.7788
57.9233
57.9026
57.7451
57.4641
57.0614
56.5274
55.8438
54.9824
53.9033
52.5712
50.9959
49.2223
47.2853
45.2152
43.0535
40.8542
38.6833
36.6166
34.7349
33.1189
31.8345
30.9318
30.4052
30.1584
29.9372
10.3693
5.25751
-0.600457
-6.83232
-12.9174
-19.2951
-25.6826
-31.8829
-37.9786
-43.8662
-49.5236
-54.9927
-60.2532
-65.3206
-70.2048
-74.8955
-79.3773
-83.6237
-87.5924
-91.2322
-94.4767
-97.252
-99.4964
-101.142
-102.175
-102.601
-102.36
-101.351
-99.4668
-96.6062
-92.681
-87.6179
-81.3695
-73.9264
-65.3289
-55.6892
-45.2242
-34.3061
-23.8075
15.1554
19.7011
24.6584
29.8042
34.6182
39.1948
43.3549
46.8002
49.4839
51.5226
52.9916
53.9859
54.6283
55.0057
55.182
55.2038
55.0991
54.8824
54.5567
54.1146
53.5405
52.8096
51.8851
50.7342
49.3626
47.8089
46.1024
44.2674
42.3382
40.3598
38.3885
36.4892
34.732
33.1876
31.9144
30.9555
30.3077
29.8875
29.4852
9.44213
4.56955
-1.00992
-6.93713
-12.7154
-18.7636
-24.8108
-30.6697
-36.4191
-41.9612
-47.2756
-52.4022
-57.3227
-62.0523
-66.6015
-70.9613
-75.1189
-79.0505
-82.7183
-86.0761
-89.0648
-91.6169
-93.6775
-95.1885
-96.1407
-96.544
-96.3476
-95.4599
-93.7822
-91.2219
-87.6944
-83.128
-77.4731
-70.7134
-62.8773
-54.0585
-44.4425
-34.3557
-24.5871
14.0092
18.3501
23.0893
28.015
32.6282
37.0209
41.0213
44.342
46.9362
48.9157
50.3517
51.334
51.9808
52.3754
52.5794
52.6384
52.5801
52.4197
52.1614
51.7999
51.3222
50.7059
49.9185
48.9288
47.74
46.3846
44.887
43.267
41.5522
39.7801
37.9976
36.2598
34.6267
33.1592
31.9085
30.9109
30.1649
29.5996
29.0446
8.58908
3.94483
-1.36862
-7.00537
-12.4918
-18.2266
-23.951
-29.4866
-34.909
-40.1252
-45.1166
-49.9215
-54.523
-58.9367
-63.1726
-67.2235
-71.0785
-74.7162
-78.1031
-81.1973
-83.9458
-86.288
-88.1747
-89.5567
-90.4286
-90.804
-90.6399
-89.8547
-88.3584
-86.0661
-82.8985
-78.7872
-73.6811
-67.5589
-60.4386
-52.3957
-43.5867
-34.2927
-25.2259
12.9467
17.0916
21.6221
26.3366
30.7573
34.9732
38.8199
42.0203
44.5279
46.4497
47.8528
48.8223
49.4714
49.8804
50.1083
50.1996
50.1821
50.0708
49.8715
49.5806
49.1872
48.672
48.0056
47.159
46.1334
44.956
43.6471
42.2224
40.7043
39.1232
37.518
35.9346
34.4238
33.0372
31.8186
30.7985
29.9763
29.2923
28.6113
7.80541
3.3794
-1.68013
-7.03982
-12.2483
-17.6853
-23.1032
-28.3326
-33.4459
-38.3547
-43.0417
-47.5444
-51.847
-55.9648
-59.908
-63.6705
-67.2432
-70.607
-73.7318
-76.5802
-79.1041
-81.2497
-82.9726
-84.2319
-85.0252
-85.3693
-85.2286
-84.5302
-83.1932
-81.1401
-78.2978
-74.6014
-70.0007
-64.4705
-58.0193
-50.7062
-42.6603
-34.1198
-25.7254
11.9627
15.9202
20.2507
24.7628
28.9985
33.0445
36.7432
39.8274
42.2511
44.1164
45.4869
46.4428
47.0924
47.5132
47.7616
47.8812
47.899
47.8307
47.6828
47.4536
47.134
46.7073
46.1475
45.4276
44.5471
43.5289
42.3897
41.1417
39.8028
38.3974
36.9573
35.5205
34.1288
32.8255
31.6474
30.6195
29.7416
28.9638
28.1815
7.08666
2.8692
-1.94774
-7.04315
-11.9871
-17.1409
-22.2677
-27.2072
-32.0279
-36.6466
-41.0475
-45.2661
-49.2882
-53.1289
-56.7986
-60.2919
-63.6014
-66.71
-69.5909
-72.2101
-74.525
-76.4868
-78.0564
-79.1996
-79.9174
-80.2288
-80.1045
-79.4797
-78.2827
-76.443
-73.894
-70.5753
-66.4382
-61.4547
-55.6259
-48.9958
-41.6679
-33.8408
-26.0888
11.0523
14.8303
18.9694
23.287
27.3452
31.2277
34.7837
37.7559
40.0984
41.9086
43.2466
44.188
44.8366
45.2669
45.5328
45.6765
45.7251
45.6942
45.5912
45.4156
45.1603
44.8111
44.3447
43.7368
42.985
42.1085
41.121
40.0321
38.8556
37.6109
36.3238
35.0247
33.7481
32.5291
31.3983
30.3757
29.4608
28.6119
27.7513
6.4285
2.4105
-2.1747
-7.01794
-11.71
-16.5944
-21.4447
-26.1095
-30.6538
-34.9986
-39.1298
-43.0815
-46.8407
-50.4219
-53.836
-57.0784
-60.1425
-63.0136
-65.6677
-68.074
-70.1944
-71.985
-73.4119
-74.4464
-75.0923
-75.3706
-75.2575
-74.6957
-73.6216
-71.9723
-69.6875
-66.7115
-62.998
-58.5175
-53.2647
-47.2704
-40.615
-33.4606
-26.3209
10.2108
13.8169
17.7723
21.9036
25.7912
29.5164
32.935
35.7988
38.0624
39.8187
41.1244
42.0507
42.697
43.1345
43.415
43.5796
43.6548
43.6563
43.5921
43.463
43.2636
42.9819
42.5974
42.0879
41.45
40.6991
39.8469
38.9003
37.8703
36.7718
35.6252
34.4548
33.2882
32.1536
31.0755
30.0694
29.1343
28.2353
27.3171
5.82696
1.99957
-2.36404
-6.96677
-11.4186
-16.0469
-20.635
-25.0393
-29.3218
-33.4082
-37.2855
-40.9863
-44.4988
-47.8375
-51.0127
-54.0211
-56.857
-59.5074
-61.9505
-64.1594
-66.0991
-67.7312
-69.0253
-69.9587
-70.537
-70.7827
-70.677
-70.1695
-69.2038
-67.7243
-65.6772
-63.0116
-59.6836
-55.6639
-50.9416
-45.5362
-39.5077
-32.9854
-26.4269
9.43371
12.8753
16.6545
20.6069
24.3306
27.9044
31.1905
33.9494
36.1365
37.8402
39.1138
40.0242
40.6667
41.1094
41.4022
41.5845
41.6825
41.7118
41.6812
41.5925
41.4415
41.2183
40.9052
40.482
39.9443
39.3046
38.5723
37.7528
36.854
35.8877
34.8695
33.8186
32.7563
31.7049
30.6836
29.7036
28.7631
27.8326
26.8757
5.27811
1.63306
-2.51885
-6.89195
-11.1151
-15.4996
-19.8385
-23.9959
-28.0311
-31.8736
-35.5117
-38.9767
-42.2581
-45.3697
-48.3219
-51.1119
-53.7355
-56.1808
-58.4285
-60.4542
-62.2269
-63.7123
-64.8839
-65.7236
-66.2389
-66.4534
-66.3523
-65.8918
-65.0221
-63.6943
-61.8606
-59.4752
-56.4973
-52.8977
-48.6619
-43.7995
-38.3529
-32.422
-26.4134
8.71683
12.0008
15.611
19.3915
22.9576
26.3858
29.544
32.2016
34.3143
35.9664
37.2081
38.102
38.7395
39.1857
39.4881
39.6854
39.8028
39.856
39.8542
39.8001
39.691
39.5186
39.2676
38.9197
38.4699
37.9281
37.3017
36.595
35.8135
34.9661
34.0646
33.1237
32.1598
31.1896
30.2277
29.2817
28.3486
27.403
26.4241
4.77831
1.30766
-2.64194
-6.79584
-10.8012
-14.9537
-19.056
-22.9794
-26.7806
-30.3929
-33.8057
-37.0491
-40.1137
-43.0129
-45.7571
-48.3438
-50.7699
-53.0249
-55.0914
-56.9478
-58.5662
-59.9163
-60.9749
-61.7283
-62.1855
-62.3707
-62.2726
-61.853
-61.0684
-59.876
-58.2339
-56.101
-53.44
-50.2223
-46.4306
-42.0667
-37.1577
-31.778
-26.2876
8.05614
11.189
14.6373
18.2527
21.6673
24.9551
27.9898
30.5494
32.5898
34.1914
35.4012
36.278
36.9092
37.3572
37.6672
37.8769
38.0108
38.0842
38.107
38.0826
38.0094
37.8807
37.6834
37.4012
37.0282
36.5722
36.0392
35.4321
34.7549
34.0139
33.218
32.378
31.5059
30.6143
29.7133
28.8074
27.8924
26.9461
25.96
4.32405
1.02026
-2.73595
-6.68064
-10.4785
-14.4102
-18.2877
-21.9894
-25.5693
-28.9642
-32.1649
-35.2002
-38.0615
-40.7621
-43.3121
-45.7097
-47.9524
-50.0308
-51.9297
-53.6296
-55.1059
-56.3315
-57.2866
-57.9608
-58.3647
-58.5228
-58.4265
-58.0429
-57.334
-56.2628
-54.7925
-52.8867
-50.5115
-47.6397
-44.2521
-40.3437
-35.9292
-31.0613
-26.0578
7.44781
10.4359
13.7287
17.1856
20.4545
23.6071
26.5226
28.9872
30.9572
32.5093
33.6873
34.5466
35.1703
35.6185
35.9342
36.1539
36.3013
36.3919
36.4355
36.4364
36.3939
36.3027
36.1518
35.9264
35.6203
35.2394
34.7882
34.2688
33.6838
33.0377
32.3368
31.5887
30.8022
29.9857
29.146
28.285
27.397
26.4619
25.4814
3.91206
0.767891
-2.80348
-6.54847
-10.1485
-13.8703
-17.5344
-21.026
-24.3963
-27.5861
-30.5872
-33.4269
-36.0979
-38.6128
-40.9815
-43.203
-45.2753
-47.1903
-48.9343
-50.4901
-51.8355
-52.9469
-53.8072
-54.4093
-54.7647
-54.8979
-54.803
-54.4513
-53.81
-52.8471
-51.5309
-49.829
-47.7112
-45.1516
-42.1299
-38.6365
-34.6752
-30.2805
-25.7323
6.88829
9.73764
12.8812
16.1859
19.3145
22.3368
25.1371
27.5096
29.4112
30.9146
32.0609
32.9021
33.5174
33.9643
34.2839
34.5113
34.67
34.7748
34.836
34.8581
34.8417
34.7825
34.6713
34.495
34.2471
33.9314
33.5517
33.1092
32.6056
32.0437
31.4279
30.7633
30.0556
29.3106
28.5318
27.7187
26.8647
25.9511
24.9869
3.53924
0.547762
-2.84691
-6.4013
-9.81296
-13.335
-16.7964
-20.0888
-23.261
-26.2573
-29.0703
-31.7265
-34.2189
-36.5604
-38.7602
-40.8179
-42.7321
-44.4958
-46.0968
-47.5197
-48.7449
-49.7518
-50.5258
-51.0624
-51.3739
-51.4847
-51.3909
-51.0677
-50.487
-49.6211
-48.4428
-46.9239
-45.0371
-42.7585
-40.0674
-36.9503
-33.4028
-29.4439
-25.32
6.37417
9.09053
12.0909
15.2492
18.243
21.1395
23.8285
26.1118
27.9466
29.4022
30.517
31.3394
31.9454
32.3896
32.7115
32.9448
33.1124
33.2288
33.3045
33.3445
33.3501
33.3181
33.2408
33.1068
32.9089
32.6499
32.3323
31.957
31.5248
31.0375
30.4976
29.9083
29.2733
28.5955
27.8763
27.1133
26.2986
25.4145
24.4756
3.20265
0.357229
-2.86853
-6.24097
-9.47312
-12.8051
-16.0741
-19.1778
-22.1626
-24.9762
-27.6123
-30.0961
-32.4214
-34.6006
-36.6429
-38.5484
-40.3161
-41.9398
-43.4089
-44.7097
-45.8248
-46.7362
-47.4317
-47.9089
-48.1811
-48.2719
-48.1792
-47.8817
-47.3554
-46.5765
-45.5217
-44.1666
-42.487
-40.4606
-38.0671
-35.2902
-32.1189
-28.56
-24.8298
5.90218
8.4911
11.3539
14.3717
17.2355
20.0109
22.5922
24.7889
26.5587
27.9673
29.0506
29.8539
30.4495
30.8898
31.2124
31.4499
31.6243
31.7502
31.8378
31.8926
31.9165
31.9073
31.8589
31.761
31.6062
31.396
31.1324
30.8156
30.4459
30.0242
29.5518
29.0304
28.4618
27.847
27.1855
26.4735
25.7018
24.8535
23.9472
2.89948
0.193823
-2.87046
-6.06932
-9.13042
-12.2815
-15.3677
-18.2926
-21.1004
-23.7418
-26.2112
-28.533
-30.7017
-32.7295
-34.6252
-36.3892
-38.021
-39.5154
-40.8629
-42.0515
-43.066
-43.8903
-44.5146
-44.9385
-45.1754
-45.2486
-45.1572
-44.883
-44.4057
-43.7049
-42.7606
-41.5519
-40.0576
-38.2572
-36.1308
-33.6605
-30.8303
-27.6373
-24.2711
5.46935
7.9361
10.6669
13.5494
16.2883
18.9468
21.4239
23.5365
25.2429
26.6053
27.6572
28.4408
29.0253
29.4605
29.7825
30.0225
30.2021
30.3353
30.4324
30.4993
30.5384
30.5484
30.5243
30.457
30.3392
30.171
29.9538
29.6878
29.3727
29.0086
28.596
28.1354
27.6273
27.0712
26.465
25.8038
25.0777
24.2699
23.4017
2.62714
0.0551767
-2.85474
-5.88791
-8.78609
-11.7651
-14.6778
-17.4333
-20.0736
-22.5524
-24.8651
-27.0349
-29.0571
-30.9433
-32.7024
-34.3349
-35.841
-37.216
-38.4516
-39.5373
-40.4597
-41.2048
-41.7647
-42.1406
-42.3462
-42.4041
-42.3143
-42.0616
-41.6283
-40.9976
-40.1523
-39.0746
-37.7456
-36.1472
-34.2599
-32.0651
-29.5432
-26.6835
-23.6526
5.07283
7.42242
10.0265
12.7791
15.3975
17.9432
20.3195
22.3505
23.995
25.3119
26.3324
27.096
27.6685
28.0977
28.4177
28.6589
28.8419
28.9807
29.0853
29.162
29.2134
29.2392
29.2355
29.1941
29.1077
28.9755
28.7984
28.5763
28.3086
27.9949
27.6351
27.2289
26.7757
26.2738
25.7203
25.109
24.4297
23.6657
22.8399
2.38316
-0.0608628
-2.82331
-5.69833
-8.44125
-11.2567
-14.0046
-16.5995
-19.0814
-21.4069
-23.5722
-25.5992
-27.4842
-29.2383
-30.8702
-32.3807
-33.7703
-35.0351
-36.1679
-37.1593
-37.9976
-38.6709
-39.1727
-39.5056
-39.6835
-39.7282
-39.6404
-39.4073
-39.0139
-38.4461
-37.6894
-36.7286
-35.5472
-34.1289
-32.4554
-30.5075
-28.2632
-25.7065
-22.9831
4.70988
6.94719
9.42956
12.0571
14.5597
16.9964
19.2752
21.2269
22.8109
24.083
25.0723
25.8155
26.3754
26.7975
27.1145
27.3555
27.5406
27.6833
27.7937
27.878
27.9394
27.9781
27.9913
27.9716
27.9119
27.8103
27.6675
27.4831
27.2565
26.987
26.6737
26.3159
25.9122
25.4604
24.9564
24.3937
23.7614
23.0432
22.2626
2.16523
-0.1564
-2.77785
-5.50198
-8.09705
-10.7569
-13.3483
-15.7911
-18.1233
-20.3042
-22.3306
-24.2237
-25.9803
-27.611
-29.1245
-30.5218
-31.8036
-32.9668
-34.005
-34.91
-35.6717
-36.2799
-36.7294
-37.024
-37.1776
-37.2109
-37.1255
-36.9104
-36.5533
-36.042
-35.3646
-34.508
-33.4582
-32.2003
-30.7174
-28.9902
-26.9956
-24.7131
-22.271
4.37803
6.50764
8.87319
11.3806
13.7714
16.103
18.2873
20.1619
21.6869
22.9149
23.873
24.5955
25.1421
25.5564
25.8693
26.1091
26.295
26.4402
26.5546
26.6448
26.7141
26.7632
26.7903
26.7887
26.7514
26.6759
26.5623
26.4103
26.2193
25.9881
25.7157
25.401
25.0419
24.6359
24.1783
23.6622
23.0765
22.405
21.6713
1.97118
-0.233357
-2.72006
-5.30022
-7.75441
-10.2661
-12.7091
-15.0078
-17.1984
-19.2429
-21.1387
-22.9061
-24.5424
-26.058
-27.4613
-28.7535
-29.9356
-31.0051
-31.9564
-32.7825
-33.4745
-34.0237
-34.4262
-34.6867
-34.8189
-34.8426
-34.7599
-34.5617
-34.2374
-33.777
-33.1705
-32.407
-31.4743
-30.3591
-29.0457
-27.5156
-25.7448
-23.7101
-21.5242
4.07487
6.10121
8.35461
10.7464
13.0296
15.2597
17.3524
19.1522
20.6194
21.804
22.731
23.4326
23.9654
24.371
24.679
24.9164
25.1021
25.2485
25.3657
25.4602
25.5355
25.5929
25.6311
25.6446
25.626
25.5724
25.4837
25.3595
25.1991
25.0012
24.7647
24.4881
24.1692
23.8049
23.3905
22.9187
22.3785
21.7537
21.0677
1.79897
-0.293536
-2.65148
-5.09428
-7.41428
-9.78517
-12.0871
-14.2492
-16.306
-18.2217
-19.9947
-21.6441
-23.1678
-24.576
-25.8766
-27.0713
-28.1613
-29.1444
-30.016
-30.77
-31.3986
-31.8944
-32.2548
-32.485
-32.5986
-32.6143
-32.5347
-32.352
-32.0575
-31.643
-31.1
-30.4194
-29.5908
-28.6025
-27.4399
-26.0854
-24.5147
-22.7032
-20.7501
3.79817
5.72549
7.87122
10.1519
12.3313
14.4634
16.4674
18.1943
19.605
20.7468
21.643
22.3234
22.8419
23.2383
23.5405
23.7748
23.9591
24.1058
24.2246
24.3219
24.4018
24.4656
24.5128
24.5385
24.5354
24.5002
24.4325
24.3321
24.1979
24.0289
23.8239
23.581
23.298
22.9717
22.5972
22.1672
21.6708
21.0919
20.4535
1.64672
-0.33863
-2.57355
-4.88525
-7.0774
-9.31438
-11.4824
-13.5151
-15.4453
-17.2396
-18.8969
-20.4356
-21.8539
-23.1618
-24.3669
-25.4711
-26.4758
-27.3794
-28.1778
-28.8658
-29.4368
-29.8845
-30.2072
-30.4106
-30.508
-30.5172
-30.4409
-30.2728
-30.0054
-29.6321
-29.146
-28.5394
-27.8034
-26.9276
-25.899
-24.7006
-23.3087
-21.6978
-19.9555
3.54585
5.3782
7.42056
9.5943
11.6737
13.711
15.6291
17.2852
18.6406
19.7402
20.6059
21.2649
21.7688
22.1553
22.4512
22.6815
22.8637
23.0097
23.129
23.2281
23.311
23.3797
23.4339
23.4694
23.4792
23.4593
23.4094
23.329
23.2175
23.0735
22.8958
22.6827
22.4319
22.14
21.8022
21.4114
20.9567
20.4225
19.8309
1.51263
-0.370234
-2.4876
-4.67421
-6.74461
-8.85416
-10.8951
-12.8052
-14.6156
-16.2953
-17.8436
-19.2783
-20.5979
-21.8121
-22.9284
-23.9486
-24.8745
-25.7048
-26.4361
-27.0639
-27.5825
-27.9867
-28.2757
-28.4555
-28.5389
-28.5428
-28.4701
-28.3155
-28.0729
-27.7368
-27.3016
-26.761
-26.1073
-25.3315
-24.4217
-23.3619
-22.1295
-20.6986
-19.1467
3.31595
5.05724
7.00036
9.07122
11.0542
13.0001
14.8347
16.4219
17.7231
18.7813
19.6167
20.2543
20.7432
21.1193
21.4082
21.634
21.8134
21.9578
22.0768
22.1767
22.2616
22.3337
22.3933
22.4367
22.4569
22.4497
22.4147
22.3514
22.2592
22.1368
21.9831
21.7962
21.574
21.3132
21.0091
20.6547
20.2395
19.748
19.2019
1.39504
-0.389803
-2.39486
-4.46218
-6.41657
-8.4049
-10.3251
-12.1189
-13.816
-15.3875
-16.8332
-18.1701
-19.3973
-20.524
-21.5575
-22.4999
-23.3528
-24.1156
-24.7853
-25.3581
-25.8292
-26.1943
-26.4531
-26.612
-26.6834
-26.6831
-26.6143
-26.4723
-26.2524
-25.9498
-25.5603
-25.0785
-24.498
-23.8109
-23.0064
-22.0698
-20.9793
-19.7096
-18.3292
3.10663
4.76061
6.60849
8.58039
10.4704
12.3278
14.0814
15.6016
16.8497
17.8672
18.6726
19.2889
19.7626
20.128
20.4094
20.63
20.806
20.9483
21.0662
21.1661
21.252
21.3264
21.39
21.4395
21.4681
21.4714
21.4488
21.3999
21.3242
21.2205
21.0876
20.9238
20.7271
20.4943
20.2209
19.9001
19.5219
19.0713
18.5688
1.2924
-0.398736
-2.2965
-4.25003
-6.09391
-7.9669
-9.77231
-11.4559
-13.0457
-14.5149
-15.8641
-17.1091
-18.2496
-19.2946
-20.251
-21.1209
-21.9064
-22.6069
-23.2201
-23.7427
-24.1706
-24.5005
-24.7325
-24.873
-24.9342
-24.9307
-24.8658
-24.7357
-24.5364
-24.2642
-23.9157
-23.4864
-22.971
-22.3626
-21.6515
-20.8241
-19.8599
-18.7342
-17.5081
2.91618
4.48648
6.24294
8.11964
9.91994
11.6919
13.3669
14.8218
16.0176
16.9952
17.7712
18.3662
18.8245
19.1788
19.4524
19.6674
19.8394
19.9791
20.0953
20.1945
20.2806
20.3564
20.4228
20.477
20.5122
20.5241
20.5118
20.4751
20.4135
20.3258
20.2111
20.0677
19.8936
19.686
19.4405
19.1507
18.8069
18.3948
17.9338
1.20324
-0.398335
-2.19363
-4.03863
-5.77722
-7.54045
-9.23681
-10.8158
-12.3039
-13.6766
-14.9345
-16.0931
-17.1523
-18.1209
-19.0053
-19.808
-20.531
-21.174
-21.7353
-22.2121
-22.6009
-22.899
-23.1071
-23.2316
-23.284
-23.2782
-23.2173
-23.0983
-22.918
-22.6733
-22.3616
-21.9793
-21.5218
-20.9832
-20.3549
-19.6244
-18.7723
-17.7753
-16.6876
2.74298
4.23308
5.90189
7.68698
9.40081
11.0901
12.6887
14.08
15.2244
16.1628
16.91
17.4839
17.9266
18.2696
18.5351
18.7441
18.9118
19.0484
19.1625
19.2603
19.3461
19.4224
19.4906
19.5483
19.5888
19.6076
19.6038
19.5774
19.5277
19.454
19.355
19.2295
19.0756
18.8905
18.6703
18.4088
18.097
17.7209
17.2991
1.12626
-0.389753
-2.08721
-3.82871
-5.46702
-7.12581
-8.71848
-10.1982
-11.5899
-12.8711
-14.0429
-15.12
-16.1029
-16.9999
-17.8173
-18.5574
-19.2224
-19.8125
-20.3261
-20.761
-21.1143
-21.3838
-21.5706
-21.6811
-21.7261
-21.7187
-21.662
-21.5535
-21.3905
-21.1708
-20.8922
-20.5518
-20.1459
-19.6694
-19.1144
-18.4698
-17.7175
-16.8353
-15.8716
2.58559
3.99881
5.58353
7.28043
8.91087
10.5202
12.0446
13.3739
14.4674
15.3677
16.0868
16.6397
17.0667
17.3983
17.6554
17.8583
18.0213
18.1544
18.266
18.3622
18.447
18.5233
18.5925
18.6526
18.6972
18.7215
18.7248
18.707
18.6675
18.6057
18.5205
18.4107
18.2746
18.1098
17.9124
17.6768
17.3944
17.0519
16.6668
1.06022
-0.374009
-1.97813
-3.62087
-5.16361
-6.72299
-8.21704
-9.60249
-10.9027
-12.0974
-13.1877
-14.1879
-15.0991
-15.9292
-16.6838
-17.3654
-17.9767
-18.5178
-18.9875
-19.3841
-19.7052
-19.949
-20.1169
-20.2151
-20.254
-20.2457
-20.1932
-20.0945
-19.9475
-19.7505
-19.5018
-19.1991
-18.8392
-18.4178
-17.928
-17.3596
-16.6958
-15.9159
-15.0632
2.44266
3.78217
5.28623
6.89816
8.44812
9.98009
11.4321
12.7012
13.7445
14.608
15.2998
15.8317
16.2428
16.5628
16.8114
17.008
17.1661
17.2956
17.4044
17.4985
17.582
17.6577
17.7273
17.7891
17.8367
17.8655
17.8746
17.8639
17.8332
17.7816
17.7084
17.6125
17.4923
17.3456
17.1688
16.9568
16.7014
16.39
16.0391
1.00387
-0.352238
-1.86734
-3.41588
-4.86761
-6.33218
-7.73233
-9.02822
-10.2412
-11.3541
-12.3672
-13.2947
-14.1389
-14.9062
-15.6019
-16.2289
-16.79
-17.2858
-17.7151
-18.0766
-18.3683
-18.589
-18.7401
-18.8277
-18.8616
-18.8529
-18.8048
-18.7154
-18.5832
-18.4069
-18.1851
-17.9162
-17.5974
-17.2251
-16.7932
-16.2924
-15.7074
-15.0187
-14.2652
2.3128
3.58184
5.00872
6.53876
8.01108
9.46795
10.8492
12.0593
13.0525
13.8815
14.5472
15.058
15.4531
15.7615
16.0016
16.1916
16.3447
16.4703
16.5762
16.668
16.7498
16.8246
16.8941
16.9567
17.0066
17.0389
17.0527
17.0482
17.0249
16.9823
16.9196
16.8359
16.7298
16.5992
16.4411
16.2505
16.0199
15.7371
15.4179
0.95593
-0.325906
-1.75626
-3.21518
-4.58006
-5.95447
-7.26498
-8.47541
-9.60508
-10.6405
-11.5792
-12.4377
-13.2194
-13.9282
-14.5683
-15.144
-15.6586
-16.1124
-16.5044
-16.8336
-17.0987
-17.2985
-17.4347
-17.5131
-17.5428
-17.5344
-17.4905
-17.41
-17.2916
-17.1342
-16.9369
-16.6984
-16.4164
-16.0879
-15.7075
-15.2668
-14.7518
-14.1445
-13.4797
2.19474
3.39661
4.74985
6.20141
7.59923
8.9835
10.2956
11.4476
12.388
13.1845
13.8262
14.316
14.6951
14.9921
15.2239
15.4075
15.5556
15.6772
15.7799
15.8693
15.9492
16.0227
16.0917
16.1548
16.2063
16.2414
16.2591
16.2597
16.2428
16.208
16.1545
16.0816
15.988
15.872
15.7307
15.5595
15.3514
15.095
14.8053
0.915504
-0.29572
-1.64554
-3.01931
-4.30167
-5.59045
-6.8155
-7.9446
-8.99455
-9.95712
-10.8226
-11.6142
-12.3376
-12.9916
-13.5793
-14.1067
-14.5779
-14.9929
-15.3505
-15.6503
-15.8911
-16.0723
-16.1954
-16.2659
-16.2925
-16.2847
-16.2453
-16.1732
-16.0675
-15.9275
-15.7525
-15.5415
-15.2927
-15.0033
-14.6688
-14.2816
-13.829
-13.2942
-12.7088
2.08744
3.2252
4.50832
5.88448
7.21097
8.52523
9.77098
10.8659
11.7494
12.5152
13.1344
13.6034
13.9665
14.2525
14.4762
14.6534
14.7965
14.9142
15.0138
15.1007
15.1787
15.2508
15.319
15.3823
15.4349
15.4723
15.4934
15.4983
15.487
15.459
15.4138
15.3504
15.2681
15.1652
15.039
14.8854
14.6979
14.4657
14.203
0.882702
-0.260855
-1.53352
-2.82604
-4.02986
-5.23715
-6.38138
-7.43365
-8.40827
-9.30126
-10.0965
-10.8265
-11.496
-12.0972
-12.6339
-13.1154
-13.5457
-13.924
-14.2494
-14.5219
-14.7405
-14.9049
-15.0165
-15.0804
-15.1045
-15.0978
-15.0629
-14.999
-14.9053
-14.7814
-14.6268
-14.4407
-14.2217
-13.9676
-13.6741
-13.3347
-12.9377
-12.4679
-11.9533
1.99043
3.06656
4.28132
5.58398
6.84094
8.08633
9.26829
10.3084
11.1405
11.8797
12.4752
12.9212
13.268
13.5429
13.7582
13.9288
14.0667
14.1804
14.2768
14.3611
14.437
14.5076
14.575
14.6382
14.6916
14.7308
14.7547
14.7636
14.7572
14.7353
14.6973
14.6426
14.5704
14.4792
14.3668
14.2292
14.0605
13.8503
13.6125
0.857102
-0.22151
-1.41961
-2.63418
-3.76238
-4.89125
-5.9578
-6.93738
-7.84062
-8.66694
-9.3945
-10.0753
-10.6989
-11.2466
-11.7317
-12.1691
-12.561
-12.9045
-13.1992
-13.4458
-13.6439
-13.7928
-13.8941
-13.9524
-13.9748
-13.9697
-13.9395
-13.8835
-13.8011
-13.6923
-13.5565
-13.393
-13.2011
-12.9786
-12.7219
-12.4252
-12.0779
-11.6662
-11.2154
1.90317
2.91968
4.06756
5.29735
6.48507
7.6604
8.77865
9.7615
10.5538
11.2815
11.8518
12.2696
12.5991
12.8636
13.0706
13.2342
13.3668
13.4764
13.5696
13.6512
13.7251
13.794
13.8603
13.9231
13.977
14.0177
14.0441
14.0563
14.0543
14.0378
14.0064
13.9595
13.8964
13.8159
13.7158
13.5927
13.4411
13.2511
13.0362
0.83814
-0.189646
-1.32991
-2.47862
-3.5394
-4.59275
-5.57434
-6.46614
-7.26988
-8.00639
-8.60861
-9.27598
-9.90688
-10.4333
-10.8945
-11.3173
-11.6983
-12.031
-12.3158
-12.5545
-12.7466
-12.8914
-12.9902
-13.0475
-13.0707
-13.0681
-13.0425
-12.9927
-12.919
-12.8218
-12.6976
-12.5495
-12.3763
-12.1759
-11.9447
-11.6776
-11.3651
-10.9946
-10.5891
1.83649
2.80499
3.90041
5.06483
6.18512
7.28067
8.30718
9.17931
9.87925
10.6778
11.2644
11.6728
12.0017
12.2705
12.48
12.6446
12.778
12.8885
12.9825
13.0649
13.1396
13.2096
13.2772
13.3418
13.398
13.4412
13.4702
13.4856
13.4871
13.4746
13.4477
13.4062
13.3492
13.2758
13.184
13.0705
12.9303
12.7539
12.5544
0.823743
-0.162202
-1.25318
-2.34425
-3.34225
-4.32036
-5.21363
-6.0072
-6.69372
-7.32109
-7.75841
-8.44651
-9.12061
-9.64796
-10.1043
-10.5316
-10.9198
-11.2579
-11.5469
-11.7896
-11.9855
-12.1339
-12.2362
-12.2966
-12.3233
-12.3245
-12.3035
-12.2589
-12.1921
-12.104
-11.9864
-11.8483
-11.6882
-11.5029
-11.2892
-11.0427
-10.7548
-10.4132
-10.0395
1.78252
2.71093
3.75926
4.86236
5.91408
6.92064
7.83733
8.57759
9.1615
10.0707
10.704
11.1179
11.4566
11.7389
11.9584
12.1296
12.268
12.3829
12.4805
12.5661
12.6438
12.7167
12.7874
12.8554
12.9152
12.9617
12.9938
13.0122
13.0168
13.0074
12.984
12.946
12.8931
12.8244
12.7381
12.631
12.4984
12.3308
12.1414
0.811057
-0.132636
-1.17386
-2.20691
-3.14226
-4.04543
-4.85252
-5.55032
-6.12646
-6.64777
-6.93175
-7.62735
-8.33546
-8.8614
-9.30894
-9.73628
-10.1288
-10.4704
-10.7621
-11.0076
-11.2069
-11.3586
-11.4644
-11.5281
-11.5582
-11.5635
-11.5477
-11.5087
-11.4494
-11.3713
-11.2611
-11.1338
-10.9876
-10.818
-10.6222
-10.3966
-10.1331
-9.8205
-9.481
1.72963
2.61775
3.61835
4.65989
5.64409
6.56146
7.37245
7.98896
8.45887
9.45593
10.1375
10.5576
10.9025
11.1961
11.4251
11.6027
11.7459
11.8646
11.9658
12.0544
12.1349
12.2106
12.2845
12.3559
12.4191
12.469
12.5044
12.526
12.5337
12.5277
12.5078
12.4736
12.425
12.3611
12.2803
12.1797
12.0546
11.8961
11.7169
0.799855
-0.101578
-1.09293
-2.06828
-2.94155
-3.77068
-4.49431
-5.09869
-5.57195
-5.98614
-6.13425
-6.82215
-7.55073
-8.07371
-8.5106
-8.93357
-9.32691
-9.67001
-9.96298
-10.2103
-10.4121
-10.5669
-10.6759
-10.7429
-10.7766
-10.7858
-10.7749
-10.7412
-10.6889
-10.6199
-10.5165
-10.399
-10.2657
-10.1111
-9.93244
-9.72696
-9.48739
-9.20211
-8.88999
1.67799
2.52606
3.47869
4.45915
5.37722
6.20531
6.91592
7.41321
7.77593
8.83418
9.56326
9.9929
10.3416
10.6438
10.8815
11.0652
11.213
11.3356
11.44
11.5316
11.6148
11.6933
11.7701
11.8448
11.9116
11.9648
12.0036
12.0284
12.0395
12.037
12.0208
11.9908
11.9467
11.8879
11.8129
11.719
11.6017
11.4523
11.2834
0.790228
-0.0693456
-1.01119
-1.92966
-2.74202
-3.49864
-4.14193
-4.65542
-5.03331
-5.33792
-5.36927
-6.03459
-6.76779
-7.28449
-7.70928
-8.12413
-8.51459
-8.85703
-9.14987
-9.39789
-9.60149
-9.75911
-9.87157
-9.94274
-9.9815
-9.99654
-9.99288
-9.96711
-9.92487
-9.86797
-9.77473
-9.66997
-9.55199
-9.41415
-9.25381
-9.06889
-8.85337
-8.59795
-8.32703
1.62811
2.43661
3.34146
4.26184
5.11552
5.85416
6.47
6.84826
7.11164
8.20642
8.97898
9.42226
9.77491
10.0842
10.3292
10.5181
10.6697
10.7959
10.9038
10.9985
11.0846
11.166
11.2459
11.3242
11.3947
11.4517
11.4941
11.5225
11.5372
11.5384
11.526
11.5001
11.4606
11.4069
11.3378
11.2507
11.1414
11.0014
10.8432
0.782096
-0.036541
-0.92999
-1.79292
-2.5462
-3.23246
-3.79907
-4.22471
-4.51437
-4.70609
-4.63871
-5.26696
-5.98781
-6.49341
-6.90473
-7.30819
-7.69208
-8.03145
-8.3229
-8.57088
-8.77586
-8.93589
-9.05094
-9.12456
-9.16526
-9.18244
-9.18169
-9.1592
-9.12171
-9.07114
-8.98293
-8.88621
-8.77933
-8.65501
-8.51095
-8.34545
-8.15187
-7.91763
-7.65329
1.5806
2.35062
3.20823
4.07034
4.86103
5.51004
6.03655
6.29209
6.46184
7.57329
8.38329
8.84239
9.2003
9.51759
9.77118
9.96566
10.12
10.2481
10.3581
10.4553
10.5441
10.6283
10.7115
10.7935
10.868
10.9293
10.976
11.0089
11.0284
11.0344
11.0272
11.0066
10.9726
10.9246
10.8617
10.7815
10.6799
10.5484
10.3984
0.775334
-0.00448342
-0.851757
-1.66149
-2.35776
-2.9762
-3.46943
-3.81013
-4.01738
-4.09267
-3.94349
-4.52063
-5.21224
-5.70065
-6.0963
-6.48516
-6.8589
-7.19242
-7.48072
-7.72782
-7.93459
-8.09914
-8.22179
-8.30611
-8.3597
-8.39067
-8.40495
-8.39852
-8.37912
-8.34844
-8.27807
-8.20024
-8.11334
-8.00905
-7.88505
-7.74089
-7.57402
-7.38111
-7.19637
1.53659
2.27013
3.08192
3.88816
4.61565
5.17293
5.61329
5.73812
5.81674
6.93398
7.77831
8.25315
8.61346
8.93619
9.20019
9.4052
9.56727
9.69974
9.81189
9.91038
10.0005
10.0865
10.1721
10.2573
10.3355
10.4002
10.4503
10.4867
10.5099
10.5202
10.5179
10.5031
10.4759
10.4358
10.3817
10.3114
10.2212
10.1038
9.97387
0.769564
0.0251641
-0.779658
-1.53975
-2.18171
-2.73497
-3.15657
-3.41323
-3.54195
-3.49863
-3.28292
-3.79597
-4.44232
-4.90609
-5.28251
-5.65341
-6.0137
-6.33903
-6.62236
-6.86603
-7.06989
-7.23085
-7.34754
-7.42193
-7.46362
-7.48427
-7.48992
-7.47597
-7.45039
-7.41424
-7.34
-7.26288
-7.1813
-7.08693
-6.97743
-6.85125
-6.69951
-6.50252
-6.24742
1.49685
2.19672
2.96534
3.71909
4.38139
4.84384
5.19912
5.17895
5.16005
6.27912
7.1648
7.6653
8.02963
8.34821
8.60909
8.81626
8.98617
9.12951
9.25226
9.35922
9.45554
9.54637
9.63644
9.72676
9.8114
9.88334
9.94058
9.98353
10.0124
10.0272
10.0283
10.016
9.99053
9.95212
9.90033
9.83328
9.74668
9.62883
9.4836
0.764465
0.0524208
-0.713801
-1.42896
-2.02101
-2.51396
-2.86647
-3.04131
-3.09577
-2.93167
-2.65654
-3.09231
-3.67929
-4.10991
-4.462
-4.80986
-5.15165
-5.4665
-5.74808
-5.99802
-6.21612
-6.40053
-6.55154
-6.67147
-6.76171
-6.82628
-6.87356
-6.90062
-6.91899
-6.92892
-6.89415
-6.85224
-6.80289
-6.73682
-6.65259
-6.55282
-6.44396
-6.33882
-6.30255
1.4604
2.12903
2.85784
3.56431
4.1618
4.53571
4.81145
4.61752
4.47718
5.58651
6.51555
7.06334
7.46515
7.80515
8.06542
8.25443
8.40069
8.52605
8.6404
8.74697
8.84766
8.94499
9.04211
9.13904
9.22984
9.30914
9.37643
9.43259
9.47774
9.51184
9.53466
9.54584
9.54475
9.53042
9.50168
9.4572
9.39743
9.32541
9.27393
0.76044
0.0785023
-0.652288
-1.32725
-1.87579
-2.31762
-2.60969
-2.71536
-2.70445
-2.40868
-2.06505
-2.41192
-2.92498
-3.31145
-3.6351
-3.9566
-4.27036
-4.55671
-4.80961
-5.02954
-5.21391
-5.3558
-5.44881
-5.49308
-5.50854
-5.51592
-5.51696
-5.50292
-5.4787
-5.44427
-5.37818
-5.31696
-5.25813
-5.19341
-5.11959
-5.03197
-4.91086
-4.71477
-4.37561
1.42713
2.06686
2.75971
3.42479
3.96287
4.27066
4.47312
4.05356
3.76716
4.85371
5.78888
6.35285
6.79655
7.20849
7.55174
7.80681
7.98592
8.11121
8.20509
8.2845
8.36042
8.43992
8.5277
8.62194
8.71072
8.78326
8.83728
8.87405
8.89523
8.90224
8.89648
8.87983
8.85427
8.82132
8.78097
8.72907
8.65191
8.51477
8.27547
0.758056
0.0962945
-0.608519
-1.25063
-1.76155
-2.15735
-2.39219
-2.43854
-2.35786
-1.90948
-1.49857
-1.76318
-2.18613
-2.50674
-2.79139
-3.09423
-3.40877
-3.71669
-4.011
-4.29168
-4.55966
-4.81701
-5.06454
-5.29524
-5.48176
-5.61533
-5.7224
-5.80979
-5.90062
-5.99134
-6.01837
-6.02091
-6.01686
-6
-5.96676
-5.92501
-5.90371
-5.9546
-6.21295
1.40584
2.02615
2.6916
3.31849
3.79557
4.04103
4.11998
3.40734
3.01611
4.14772
5.09259
5.60995
5.96468
6.28581
6.59258
6.88928
7.17314
7.43025
7.64905
7.82743
7.97111
8.08951
8.19634
8.31107
8.44724
8.59325
8.73265
8.86025
8.97463
9.07486
9.15895
9.22412
9.26822
9.29016
9.29185
9.28103
9.28231
9.35025
9.5935
0.754934
0.0848326
-0.620936
-1.24797
-1.72588
-2.06362
-2.21223
-2.15959
-1.94141
-1.3232
-0.914315
-1.13955
-1.48475
-1.72087
-1.90563
-2.08552
-2.26304
-2.43023
-2.58198
-2.7131
-2.81153
-2.858
-2.83851
-2.76165
-2.69047
-2.65834
-2.64235
-2.61082
-2.55562
-2.51578
-2.44836
-2.38995
-2.34782
-2.30937
-2.26779
-2.21458
-2.10472
-1.85698
-1.29002
1.41153
2.03627
2.69367
3.28487
3.68063
3.79967
3.58525
2.52695
2.12668
3.4434
4.6184
5.37622
5.85029
6.09769
6.14556
6.07022
5.95377
5.8625
5.82426
5.84154
5.90596
6.00888
6.13429
6.24231
6.28938
6.29339
6.28838
6.27949
6.26568
6.24664
6.22608
6.20895
6.19878
6.19659
6.19762
6.18387
6.10215
5.84448
5.23502
0.746301
0.0447688
-0.68618
-1.31875
-1.77364
-2.04874
-2.0908
-1.89578
-1.4683
-0.685421
-0.291237
-0.471001
-0.787284
-1.08495
-1.38563
-1.70004
-2.03092
-2.37988
-2.75175
-3.15539
-3.60299
-4.10081
-4.62568
-5.11827
-5.47293
-5.68938
-5.90254
-6.07186
-6.35446
-6.76585
-6.64704
-6.66826
-6.7943
-6.88717
-6.93179
-6.97488
-7.09107
-7.38651
-8.0639
1.43226
2.07911
2.74615
3.31263
3.62626
3.57545
2.96713
1.60131
0.970273
2.1491
3.45655
4.74961
6.00731
7.19994
8.21248
8.98725
9.54258
9.89658
10.0969
10.1967
10.2422
10.2712
10.3384
10.5316
10.8843
11.268
11.5834
11.8426
12.0674
12.2619
12.4193
12.536
12.6141
12.6605
12.6913
12.7389
12.8858
13.2568
14.0558
106.924
106.189
105.24
104.005
102.274
99.8583
96.5374
92.1319
86.6685
80.4996
74.1436
67.9749
62.1131
56.5372
51.2073
46.1074
41.2371
36.5983
32.1891
28.0028
24.03
20.2617
16.6886
13.3024
10.0953
7.06011
4.18981
1.47762
-1.08095
-3.48945
-5.74974
-7.8624
-9.82795
-11.6456
-13.3146
-14.8345
-16.2047
-17.4254
-18.4975
-19.4224
-20.2024
-20.841
-21.3424
-21.7115
-21.9544
-22.0779
-22.0892
-21.9964
-21.8077
-21.5317
-21.1772
-20.753
-20.2675
-19.7293
-19.1462
-18.5259
-17.8754
-17.2013
-16.5094
-15.8053
-15.0937
-14.3787
-13.664
-12.9528
-12.2479
-11.5509
-10.8654
-10.2788
-9.75561
-9.2276
-8.65543
-8.13267
-7.45218
-7.07712
-6.04511
-6.30132
-4.1121
-6.40268
-0.929302
-8.53896
106.565
103.441
99.9019
96.1833
92.3765
88.5664
84.8162
81.174
77.6229
74.1904
70.8771
67.6932
64.6451
61.7385
58.9774
56.3641
53.8997
51.584
49.415
47.3894
45.503
43.7506
42.1259
40.6223
39.2328
37.9502
36.767
35.676
34.6701
33.7423
32.8861
32.0948
31.362
30.6818
30.0482
29.4552
28.8973
28.3687
27.8641
27.3783
26.9062
26.4432
25.9848
25.5272
25.0667
24.6004
24.1257
23.6406
23.1436
22.6337
22.1106
21.5743
21.0252
20.4642
19.8925
19.3116
18.7231
18.1289
17.531
16.9313
16.3319
15.7347
15.1418
14.5548
13.9761
13.4069
12.8504
12.3824
11.9787
11.5639
11.1398
10.7098
10.2714
9.86598
9.35466
9.23399
8.06582
9.76605
4.82031
14.3924
47
46.4847
45.9982
45.5488
45.11
44.7209
44.4092
44.1468
43.8389
43.3554
42.6131
41.6065
40.3421
38.8186
37.0534
35.0789
32.9298
30.6382
28.2333
25.7434
23.1946
20.6118
18.0174
15.4312
12.8709
10.3521
7.88977
5.49718
3.18598
0.965037
-1.15832
-3.17787
-5.08904
-6.8874
-8.56913
-10.1313
-11.571
-12.8864
-14.0757
-15.1381
-16.0732
-16.8819
-17.5657
-18.1266
-18.5681
-18.8943
-19.1101
-19.2209
-19.2331
-19.1535
-18.9891
-18.7475
-18.4361
-18.0625
-17.6343
-17.1587
-16.6427
-16.0928
-15.5152
-14.9157
-14.2995
-13.6712
-13.0352
-12.3949
-11.7541
-11.1147
-10.4807
-9.9347
-9.44512
-8.95165
-8.4092
-7.9198
-7.26348
-6.92026
-5.91227
-6.18263
-4.0557
-6.27274
-1.02567
-8.35238
47.3215
47.5266
47.911
48.2548
48.5275
48.7024
48.7692
48.7213
48.5562
48.2828
47.9013
47.4192
46.8429
46.1802
45.4404
44.6333
43.7693
42.8593
41.9148
40.9469
39.9666
38.9838
38.008
37.0479
36.1105
35.2018
34.3265
33.4881
32.6887
31.9293
31.2101
30.5303
29.8881
29.2816
28.7081
28.1647
27.6481
27.1548
26.6812
26.2237
25.7786
25.3423
24.9114
24.4826
24.0527
23.6191
23.1792
22.7311
22.2732
21.804
21.323
20.8298
20.3244
19.8071
19.2789
18.7407
18.1939
17.6401
17.0808
16.518
15.9534
15.3891
14.8269
14.2687
13.7166
13.172
12.6383
12.1884
11.7997
11.3999
10.9901
10.5743
10.1488
9.75836
9.2572
9.15084
8.00436
9.65434
4.90766
14.0531
29.2662
28.9705
28.6458
28.3121
27.9328
27.4866
26.9703
26.3835
25.7274
25.0074
24.2367
23.4475
22.6683
21.8984
21.1224
20.32
19.4728
18.5665
17.59
16.5354
15.3978
14.1764
12.8731
11.4935
10.0457
8.5399
6.98757
5.40066
3.79248
2.17656
0.566419
-1.02443
-2.58371
-4.09966
-5.56142
-6.95943
-8.28506
-9.53075
-10.6899
-11.7571
-12.7278
-13.5989
-14.3681
-15.0338
-15.5961
-16.0558
-16.4148
-16.6757
-16.8422
-16.9187
-16.9102
-16.8222
-16.6609
-16.4323
-16.1429
-15.7993
-15.4078
-14.9747
-14.506
-14.0073
-13.484
-12.941
-12.383
-11.8139
-11.2376
-10.6569
-10.0754
-9.57148
-9.11686
-8.65837
-8.14827
-7.69053
-7.06656
-6.74354
-5.78503
-6.0307
-4.03059
-6.0841
-1.1735
-8.06105
29.4217
29.511
29.5969
29.6732
29.7686
29.8845
30.023
30.1795
30.3514
30.5334
30.7183
30.9006
31.0733
31.2299
31.3643
31.4703
31.5427
31.577
31.5696
31.5181
31.4213
31.2789
31.0921
30.8632
30.5955
30.293
29.9602
29.6022
29.2242
28.8311
28.4277
28.0183
27.6065
27.1954
26.7872
26.3836
25.9854
25.5929
25.2059
24.8236
24.4447
24.0679
23.6915
23.3136
22.9323
22.5459
22.1525
21.7507
21.339
20.9163
20.4819
20.0354
19.5765
19.1055
18.6229
18.1295
17.6263
17.1146
16.5959
16.0718
15.544
15.0143
14.4848
13.9571
13.4335
12.9153
12.4061
11.9759
11.6038
11.2203
10.8263
10.4263
10.0157
9.63973
9.15534
9.04858
7.96028
9.49152
5.04628
13.663
27.8503
27.6608
27.4545
27.2397
27.0027
26.7251
26.3889
25.976
25.465
24.8352
24.0761
23.2023
22.2558
21.2718
20.263
19.2331
18.1847
17.1211
16.0451
14.9572
13.8568
12.7418
11.61
10.4592
9.28737
8.0932
6.87643
5.63751
4.37883
3.10382
1.81746
0.526228
-0.762675
-2.04109
-3.30016
-4.531
-5.72458
-6.87226
-7.96573
-8.99733
-9.96032
-10.8488
-11.658
-12.3836
-13.0229
-13.5742
-14.0365
-14.4101
-14.6963
-14.8973
-15.016
-15.056
-15.0217
-14.918
-14.75
-14.5233
-14.2435
-13.9162
-13.547
-13.1414
-12.7047
-12.2417
-11.7574
-11.2557
-10.741
-10.2164
-9.68565
-9.22207
-8.80023
-8.37425
-7.89451
-7.46676
-6.87258
-6.5716
-5.65289
-5.89207
-3.97841
-5.94146
-1.23471
-7.87216
27.9799
28.0718
28.1377
28.1812
28.2078
28.2176
28.2124
28.1924
28.1601
28.1163
28.0632
28.0026
27.9359
27.8649
27.7907
27.7141
27.6357
27.5553
27.4724
27.3862
27.2952
27.1979
27.0924
26.9768
26.8495
26.7087
26.5532
26.3822
26.1953
25.9926
25.7748
25.5428
25.298
25.0417
24.7756
24.5011
24.2197
23.9324
23.64
23.343
23.0414
22.7353
22.4239
22.1067
21.7827
21.4509
21.1102
20.7596
20.3982
20.025
19.6394
19.241
18.8296
18.4053
17.9685
17.5197
17.0598
16.59
16.1115
15.6257
15.1344
14.6392
14.142
13.6446
13.1492
12.6571
12.1722
11.7612
11.4049
11.037
10.6583
10.2735
9.87734
9.51531
9.04585
8.94338
7.89466
9.36244
5.08715
13.4132
23.601
23.3953
23.1849
22.983
22.7822
22.5759
22.3559
22.1139
21.842
21.5288
21.1592
20.7181
20.202
19.6207
18.982
18.2878
17.5393
16.7375
15.885
14.9853
14.0425
13.0604
12.0434
10.9958
9.92168
8.82507
7.70977
6.57923
5.43704
4.28653
3.13108
1.97463
0.821118
-0.324969
-1.45852
-2.57407
-3.66566
-4.72704
-5.75167
-6.73307
-7.66494
-8.54134
-9.35671
-10.1061
-10.7853
-11.3909
-11.9205
-12.3725
-12.7462
-13.0418
-13.2605
-13.4042
-13.4756
-13.4779
-13.4152
-13.2916
-13.1119
-12.881
-12.6037
-12.2851
-11.9301
-11.5436
-11.1301
-10.694
-10.2396
-9.77035
-9.28985
-8.86631
-8.47709
-8.08347
-7.63417
-7.23676
-6.67159
-6.39553
-5.51065
-5.75647
-3.9049
-5.81944
-1.24945
-7.73226
23.7488
23.862
23.9761
24.086
24.1928
24.2959
24.3941
24.4856
24.5693
24.6434
24.7068
24.7582
24.7968
24.8217
24.8324
24.8289
24.8112
24.7796
24.735
24.678
24.6096
24.5308
24.4428
24.3463
24.2422
24.131
24.0132
23.8888
23.7578
23.62
23.4751
23.3228
23.1628
22.9948
22.8184
22.6338
22.4408
22.2395
22.0298
21.8118
21.5853
21.3503
21.1065
20.8534
20.5905
20.3172
20.0329
19.7369
19.4285
19.1071
18.7722
18.4234
18.0606
17.6839
17.2935
16.8899
16.4739
16.0464
15.6086
15.1618
14.7075
14.2474
13.7832
13.3168
12.8503
12.3851
11.9251
11.5337
11.1936
10.8417
10.4788
10.1095
9.72812
9.3802
8.92567
8.83018
7.81185
9.24223
5.07632
13.2086
18.953
18.7749
18.5894
18.4102
18.2299
18.0459
17.8556
17.6531
17.4324
17.1885
16.9152
16.6047
16.2505
15.8535
15.4207
14.956
14.4602
13.9329
13.3716
12.7737
12.1377
11.4628
10.7482
9.99417
9.20169
8.37246
7.50894
6.61416
5.69181
4.74594
3.78089
2.80149
1.81251
0.818988
-0.173852
-1.16074
-2.13621
-3.09476
-4.03066
-4.93822
-5.81174
-6.64569
-7.43463
-8.17341
-8.85744
-9.48252
-10.0451
-10.5424
-10.9723
-11.3335
-11.6255
-11.8488
-12.0044
-12.094
-12.1203
-12.0861
-11.9951
-11.851
-11.658
-11.4205
-11.1428
-10.8295
-10.4848
-10.113
-9.71821
-9.30419
-8.87431
-8.49138
-8.13571
-7.77547
-7.35801
-6.99195
-6.45747
-6.2071
-5.35819
-5.6103
-3.82426
-5.6861
-1.26188
-7.57539
19.0756
19.1685
19.2663
19.364
19.4651
19.5692
19.6765
19.7864
19.8988
20.0131
20.1287
20.2448
20.3605
20.4748
20.5865
20.6945
20.7973
20.8935
20.9821
21.0616
21.131
21.1894
21.236
21.2703
21.2919
21.3009
21.2971
21.281
21.2529
21.2131
21.1622
21.1004
21.0281
20.9455
20.8528
20.7501
20.6373
20.5143
20.381
20.2371
20.0826
19.917
19.7401
19.5515
19.3508
19.1375
18.9112
18.6713
18.4175
18.1493
17.8663
17.5682
17.255
16.9268
16.5836
16.2261
15.8547
15.4705
15.0743
14.6674
14.2513
13.8274
13.3976
12.9635
12.5273
12.0903
11.6566
11.286
10.9633
10.6286
10.2825
9.92968
9.56439
9.23124
8.79358
8.70373
7.72045
9.10422
5.06221
12.9758
15.8212
15.6746
15.5189
15.3658
15.2099
15.0499
14.8864
14.7167
14.5356
14.3379
14.1188
13.8724
13.5919
13.2727
12.9168
12.5311
12.12
11.6858
11.2302
10.7524
10.2514
9.72597
9.17548
8.59903
7.99586
7.36541
6.70743
6.02203
5.30989
4.57212
3.81046
3.02731
2.22554
1.40862
0.580572
-0.254236
-1.091
-1.92473
-2.75007
-3.56165
-4.35398
-5.12164
-5.85924
-6.5615
-7.22355
-7.84077
-8.40892
-8.92437
-9.38398
-9.78537
-10.1268
-10.4073
-10.6265
-10.7849
-10.8836
-10.9243
-10.9093
-10.8415
-10.7239
-10.5602
-10.3541
-10.1094
-9.83007
-9.52003
-9.18324
-8.82348
-8.44379
-8.10154
-7.77975
-7.45324
-7.06844
-6.73415
-6.23186
-6.00691
-5.19702
-5.45271
-3.73864
-5.53929
-1.27307
-7.3985
15.9268
16.0132
16.1043
16.196
16.291
16.3883
16.488
16.5902
16.6946
16.8011
16.9099
17.0206
17.1331
17.2472
17.3627
17.4793
17.5964
17.7137
17.8305
17.9461
18.0597
18.1704
18.2771
18.3787
18.4743
18.5626
18.6426
18.7134
18.774
18.8239
18.8623
18.8888
18.9032
18.9052
18.8948
18.8718
18.8362
18.788
18.7272
18.6535
18.567
18.4674
18.3545
18.228
18.0875
17.9328
17.7634
17.5791
17.3794
17.1639
16.9326
16.6851
16.4213
16.1414
15.8455
15.5341
15.2076
14.8668
14.5126
14.1462
13.7689
13.382
12.9873
12.5865
12.1816
11.774
11.3677
11.0191
10.7145
10.398
10.0696
9.73431
9.38615
9.06827
8.64939
8.56324
7.62098
8.947
5.04584
12.7211
13.6172
13.4932
13.3598
13.2267
13.0904
12.9501
12.8075
12.6626
12.513
12.355
12.1845
11.9975
11.7889
11.5527
11.2842
10.9837
10.6557
10.3035
9.92892
9.53378
9.11813
8.68103
8.22201
7.74105
7.23813
6.71329
6.1666
5.59828
5.00876
4.39853
3.76837
3.11937
2.45288
1.77064
1.0749
0.368255
-0.346175
-1.06489
-1.78393
-2.49901
-3.2056
-3.89898
-4.57428
-5.22655
-5.85101
-6.443
-6.99806
-7.51211
-7.98145
-8.40293
-8.77393
-9.09241
-9.35703
-9.56703
-9.72237
-9.82363
-9.87197
-9.86913
-9.8173
-9.7191
-9.5775
-9.39572
-9.17717
-8.92532
-8.64378
-8.33626
-8.00538
-7.70306
-7.41474
-7.12156
-6.76949
-6.46674
-5.99738
-5.79743
-5.02795
-5.28653
-3.64545
-5.38563
-1.27329
-7.21733
13.7105
13.7912
13.8771
13.9648
14.0559
14.1496
14.2462
14.3454
14.4472
14.5514
14.6578
14.7664
14.8767
14.9888
15.1022
15.2168
15.3322
15.4483
15.5646
15.681
15.7969
15.9121
16.0261
16.1384
16.2485
16.3557
16.4593
16.5586
16.6527
16.7409
16.8221
16.8956
16.9604
17.0157
17.0609
17.0951
17.1177
17.1284
17.1264
17.1115
17.0832
17.0412
16.9851
16.9145
16.8291
16.7286
16.6125
16.4805
16.3322
16.1674
15.9858
15.7872
15.5715
15.3388
15.0891
14.8229
14.5406
14.2428
13.9303
13.6042
13.2657
12.916
12.5568
12.1896
11.8166
11.439
11.0608
10.7347
10.449
10.1511
9.84127
9.52399
9.19372
8.8914
8.49267
8.40894
7.51097
8.77576
5.01627
12.4633
11.8026
11.6975
11.5839
11.469
11.3498
11.226
11.0995
10.9711
10.8406
10.7067
10.5664
10.4164
10.2537
10.0742
9.87307
9.6462
9.39308
9.11658
8.81914
8.50228
8.16756
7.81495
7.44323
7.05159
6.63974
6.20749
5.75482
5.28177
4.7887
4.27605
3.74451
3.19503
2.62867
2.0468
1.45106
0.843322
0.225794
-0.399003
-1.02822
-1.65866
-2.28689
-2.90915
-3.52147
-4.11966
-4.69949
-5.25666
-5.78694
-6.28628
-6.75081
-7.17703
-7.56183
-7.9025
-8.19695
-8.44354
-8.64131
-8.78984
-8.88932
-8.94047
-8.94457
-8.90334
-8.81895
-8.69389
-8.53095
-8.33313
-8.10352
-7.84569
-7.56173
-7.29811
-7.04251
-6.78196
-6.46241
-6.19073
-5.75464
-5.57932
-4.85086
-5.11261
-3.54335
-5.22697
-1.26044
-7.03646
11.8834
11.9552
12.0322
12.1112
12.1937
12.2791
12.3678
12.4596
12.5546
12.6527
12.7538
12.8579
12.9648
13.0744
13.1865
13.301
13.4174
13.5356
13.6552
13.7759
13.8973
14.019
14.1406
14.2615
14.3814
14.4998
14.616
14.7296
14.8401
14.9467
15.049
15.146
15.2373
15.322
15.3993
15.4684
15.5285
15.5789
15.6186
15.6471
15.6635
15.6673
15.6577
15.6341
15.596
15.5429
15.4743
15.3896
15.2884
15.1704
15.0353
14.8828
14.7127
14.5251
14.3199
14.0973
13.8579
13.602
13.3304
13.0439
12.7437
12.431
12.1072
11.7738
11.4329
11.0856
10.7361
10.433
10.1665
9.88778
9.59694
9.29821
8.9865
8.69999
8.32254
8.24045
7.38878
8.5918
4.97102
12.2045
10.2869
10.1976
10.1014
10.0038
9.90126
9.79287
9.68063
9.56597
9.44933
9.33068
9.20908
9.08236
8.94775
8.8027
8.644
8.46754
8.26963
8.04943
7.80905
7.55065
7.27571
6.98581
6.68121
6.3608
6.02366
5.66934
5.29755
4.90804
4.50071
4.07552
3.63269
3.17267
2.69605
2.20368
1.69672
1.17654
0.644796
0.103427
-0.445344
-0.99901
-1.55481
-2.10975
-2.66056
-3.20375
-3.7357
-4.25267
-4.75082
-5.22638
-5.6756
-6.09496
-6.48117
-6.83118
-7.14244
-7.41273
-7.64036
-7.82417
-7.96351
-8.05826
-8.10883
-8.11613
-8.08154
-8.0068
-7.89405
-7.74573
-7.56437
-7.35329
-7.11399
-6.88756
-6.66371
-6.43492
-6.14747
-5.90628
-5.50362
-5.35253
-4.66554
-4.93055
-3.43234
-5.06211
-1.23679
-6.85331
10.3569
10.4203
10.4882
10.5582
10.6314
10.7076
10.7869
10.8693
10.9549
11.0437
11.1357
11.2309
11.3294
11.431
11.5357
11.6435
11.7541
11.8675
11.9835
12.1019
12.2224
12.3446
12.4683
12.593
12.7184
12.8439
12.969
13.0931
13.2157
13.3362
13.4538
13.568
13.6781
13.7833
13.883
13.9764
14.0626
14.1411
14.2108
14.271
14.321
14.3598
14.3867
14.401
14.4019
14.3886
14.3606
14.3171
14.2576
14.1816
14.0887
13.9785
13.8507
13.7052
13.5418
13.3608
13.1623
12.9467
12.7146
12.4668
12.2041
11.9278
11.639
11.3393
11.0305
10.7138
10.3931
10.1134
9.86647
9.60729
9.3359
9.05618
8.7636
8.4932
8.13804
8.05706
7.25354
8.39401
4.91218
11.9395
9.04454
8.9682
8.88609
8.8027
8.71537
8.62221
8.5239
8.42198
8.31748
8.21093
8.1025
7.99157
7.87649
7.755
7.6249
7.48348
7.32717
7.15258
6.95851
6.7464
6.51819
6.27531
6.01931
5.75076
5.46879
5.17252
4.86154
4.53564
4.19464
3.83838
3.4668
3.08003
2.67827
2.26191
1.83159
1.38811
0.932532
0.466164
-0.00938576
-0.492266
-0.98036
-1.4713
-1.96246
-2.45094
-2.9337
-3.40752
-3.86902
-4.31479
-4.74137
-5.14537
-5.52354
-5.87275
-6.19017
-6.47328
-6.71992
-6.92836
-7.09731
-7.22597
-7.31402
-7.36162
-7.36941
-7.33845
-7.27019
-7.16651
-7.02934
-6.86167
-6.66439
-6.47331
-6.27997
-6.08179
-5.82575
-5.61421
-5.24487
-5.1174
-4.47216
-4.74025
-3.31276
-4.89025
-1.20378
-6.66564
9.10542
9.16163
9.22164
9.28373
9.34878
9.41657
9.48729
9.56096
9.63765
9.7174
9.80027
9.8863
9.9755
10.0679
10.1634
10.2621
10.364
10.4688
10.5767
10.6874
10.8008
10.9168
11.0351
11.1554
11.2776
11.4013
11.526
11.6513
11.7768
11.902
12.0262
12.1487
12.2691
12.3865
12.5002
12.6094
12.7134
12.8114
12.9024
12.9857
13.0605
13.1259
13.1809
13.2249
13.2568
13.276
13.2816
13.2729
13.2492
13.2098
13.1541
13.0817
12.9921
12.8851
12.7604
12.6179
12.4579
12.2805
12.0861
11.8754
11.649
11.4081
11.1536
10.8871
10.61
10.3238
10.032
9.77587
9.54869
9.30933
9.05774
8.79739
8.52441
8.27041
7.93837
7.85819
7.10454
8.18151
4.84093
11.6652
8.01281
7.94729
7.87685
7.80506
7.7299
7.65015
7.56574
7.47673
7.38383
7.28815
7.19045
7.09098
6.9894
6.88451
6.77446
6.65734
6.53086
6.39194
6.23743
6.06585
5.87806
5.6757
5.46011
5.23275
4.99436
4.74432
4.48173
4.20614
3.91742
3.61543
3.30004
2.97129
2.6292
2.27398
1.90598
1.52569
1.13377
0.731092
0.318739
-0.101978
-0.529529
-0.96214
-1.39778
-1.83417
-2.26883
-2.69908
-3.12205
-3.53476
-3.9341
-4.31698
-4.68029
-5.02101
-5.33625
-5.62334
-5.87987
-6.10374
-6.29321
-6.44696
-6.56408
-6.64411
-6.68704
-6.6933
-6.66369
-6.59953
-6.50215
-6.37417
-6.21585
-6.05794
-5.89354
-5.72451
-5.49884
-5.31585
-4.9794
-4.87472
-4.27121
-4.54207
-3.18489
-4.71144
-1.1618
-6.47343
8.06593
8.1156
8.16852
8.22344
8.28103
8.34117
8.40402
8.46961
8.53803
8.60934
8.68362
8.76091
8.84126
8.92471
9.01127
9.10098
9.19383
9.28978
9.38882
9.49088
9.59589
9.70373
9.81428
9.92738
10.0428
10.1604
10.2798
10.4008
10.523
10.6459
10.7693
10.8924
11.0149
11.1361
11.2553
11.3719
11.4851
11.5941
11.6981
11.7963
11.8878
11.9717
12.0472
12.1132
12.1689
12.2135
12.246
12.2656
12.2715
12.263
12.2393
12.1997
12.1438
12.0712
11.9814
11.8742
11.7496
11.6077
11.4487
11.273
11.0813
10.8743
10.653
10.4187
10.1729
9.91663
9.65353
9.42083
9.21343
8.99399
8.76235
8.52157
8.26852
8.03114
7.72285
7.64334
6.94106
7.95395
4.7573
11.3804
7.13805
7.08158
7.02093
6.95901
6.89409
6.82511
6.75241
6.67598
6.59523
6.51038
6.42255
6.33265
6.24107
6.14764
6.05156
5.95133
5.84524
5.7314
5.60717
5.46964
5.31713
5.15001
4.96969
4.77737
4.57444
4.36184
4.1391
3.90532
3.66004
3.40309
3.13435
2.85377
2.56129
2.25694
1.94093
1.61353
1.27516
0.92642
0.568056
0.201008
-0.173605
-0.55447
-0.940039
-1.32854
-1.71801
-2.10629
-2.49099
-2.86959
-3.23941
-3.59769
-3.94161
-4.26835
-4.57513
-4.85927
-5.11828
-5.34987
-5.55202
-5.72305
-5.86161
-5.96675
-6.03792
-6.075
-6.07822
-6.04837
-5.98618
-5.8939
-5.77117
-5.64395
-5.50665
-5.36502
-5.16838
-5.01257
-4.70823
-4.62531
-4.06325
-4.33642
-3.04905
-4.52585
-1.1118
-6.27678
7.18438
7.22812
7.27464
7.32303
7.37383
7.42696
7.48255
7.54066
7.60138
7.66477
7.73094
7.79992
7.87178
7.9466
8.02441
8.10525
8.18916
8.27614
8.36622
8.45936
8.55555
8.65472
8.7568
8.8617
8.96927
9.07936
9.19178
9.3063
9.42267
9.54057
9.65964
9.7795
9.89972
10.0198
10.1392
10.2574
10.3736
10.4873
10.5976
10.7038
10.8051
10.9006
10.9895
11.0708
11.1435
11.2069
11.2599
11.3016
11.3312
11.3478
11.3507
11.3389
11.312
11.2692
11.2102
11.1345
11.042
10.9325
10.8061
10.663
10.5038
10.3289
10.1393
9.93605
9.72038
9.49337
9.25838
9.04881
8.86103
8.66139
8.44968
8.22854
7.99554
7.77495
7.49083
7.41206
6.76232
7.71092
4.66132
11.0833
6.38744
6.33863
6.28623
6.23268
6.17655
6.11685
6.05371
5.98746
5.91798
5.84457
5.76705
5.68627
5.60329
5.51864
5.43238
5.34395
5.25215
5.15548
5.05235
4.94053
4.81736
4.68098
4.53138
4.3697
4.19711
4.01489
3.82411
3.62451
3.41524
3.19578
2.96595
2.72571
2.47494
2.2136
1.94174
1.65948
1.36705
1.06482
0.753302
0.433141
0.105143
-0.229719
-0.570275
-0.915158
-1.26282
-1.61153
-1.95934
-2.30416
-2.64372
-2.97562
-3.29738
-3.60643
-3.9002
-4.17614
-4.43179
-4.66481
-4.87305
-5.05461
-5.20786
-5.33146
-5.42447
-5.4863
-5.51669
-5.51596
-5.48431
-5.42358
-5.33285
-5.2336
-5.12133
-5.00514
-4.83591
-4.70566
-4.43241
-4.37
-3.8488
-4.1236
-2.90561
-4.33326
-1.05475
-6.07455
6.42787
6.46633
6.5072
6.54978
6.59451
6.64133
6.69039
6.74172
6.79543
6.85159
6.91028
6.97155
7.03551
7.10221
7.17171
7.24406
7.31933
7.39754
7.47874
7.56293
7.65012
7.74031
7.83346
7.92952
8.02842
8.13006
8.23432
8.34104
8.45003
8.56107
8.67387
8.78814
8.90354
9.01966
9.13605
9.25223
9.36766
9.48172
9.5938
9.70321
9.80919
9.91096
10.0077
10.0985
10.1826
10.259
10.3267
10.3849
10.4327
10.469
10.4931
10.5042
10.5014
10.484
10.4515
10.4033
10.3391
10.2586
10.1617
10.0485
9.91929
9.77445
9.61464
9.44076
9.25394
9.0551
8.84737
8.66038
8.49182
8.31169
8.11971
7.91809
7.70514
7.50143
7.24165
7.16386
6.56759
7.45162
4.55349
10.7708
5.73729
5.69499
5.6496
5.60315
5.5545
5.50279
5.44804
5.39035
5.32973
5.26619
5.19931
5.12856
5.0543
4.97757
4.89915
4.81926
4.73757
4.65313
4.56468
4.47086
4.36975
4.25892
4.13645
4.00195
3.85631
3.70064
3.5362
3.3641
3.1843
2.99601
2.79867
2.59215
2.37636
2.15122
1.9167
1.67281
1.41966
1.15746
0.886523
0.607281
0.320299
0.0262688
-0.273939
-0.579285
-0.888575
-1.20044
-1.5133
-1.82545
-2.13498
-2.43988
-2.73797
-3.027
-3.30464
-3.56852
-3.81633
-4.04578
-4.2547
-4.44109
-4.60315
-4.73931
-4.84833
-4.92926
-4.98144
-5.0048
-4.99903
-4.96565
-4.90321
-4.82904
-4.73955
-4.64664
-4.503
-4.39647
-4.15299
-4.10961
-3.62866
-3.90385
-2.75544
-4.13307
-0.992447
-5.86479
5.77261
5.80641
5.84229
5.87974
5.91909
5.96032
6.00356
6.04885
6.09628
6.14593
6.19787
6.25218
6.30893
6.3682
6.43005
6.49454
6.56175
6.63172
6.70449
6.78011
6.85861
6.94
7.02428
7.11144
7.20146
7.29427
7.3898
7.48795
7.58861
7.69162
7.79676
7.90382
8.01254
8.12261
8.23365
8.34529
8.45706
8.56847
8.67895
8.78793
8.89475
8.99869
9.09902
9.19495
9.28564
9.37023
9.44784
9.51754
9.57843
9.6296
9.67012
9.69913
9.7158
9.71934
9.70905
9.6843
9.6446
9.58955
9.51888
9.43252
9.33055
9.21323
9.08103
8.93465
8.77504
8.60298
8.42135
8.25616
8.10624
7.94515
7.7725
7.59013
7.39699
7.21017
6.97472
6.89827
6.35636
7.17493
4.43508
10.4376
5.16916
5.13239
5.09295
5.05256
5.01026
4.96531
4.91775
4.86759
4.81471
4.75904
4.70069
4.63951
4.57486
4.50659
4.43552
4.36262
4.28828
4.21236
4.13418
4.05269
3.96669
3.8746
3.7743
3.66389
3.54272
3.4114
3.27093
3.12245
2.96711
2.80495
2.63517
2.45725
2.27102
2.07649
1.87364
1.66241
1.44281
1.21492
0.978961
0.735205
0.484037
0.225947
-0.0384282
-0.308305
-0.582774
-0.860767
-1.14103
-1.42218
-1.70266
-1.98076
-2.25465
-2.52236
-2.78185
-3.03099
-3.26762
-3.48961
-3.69485
-3.88134
-4.04722
-4.19079
-4.31059
-4.40543
-4.47436
-4.517
-4.53261
-4.52234
-4.4844
-4.43233
-4.36323
-4.29127
-4.1712
-4.08635
-3.87117
-3.84496
-3.40376
-3.67713
-2.59985
-3.92413
-0.926878
-5.64401
5.20005
5.22974
5.26125
5.29416
5.32877
5.36505
5.40312
5.44304
5.48487
5.52869
5.57458
5.62262
5.67286
5.72539
5.78027
5.83757
5.89738
5.95972
6.02467
6.09228
6.1626
6.23564
6.31143
6.39
6.47133
6.5554
6.64219
6.73163
6.82365
6.91814
7.01496
7.11394
7.21492
7.31763
7.4218
7.52713
7.63324
7.73972
7.84613
7.95195
8.05662
8.15954
8.26005
8.35742
8.45092
8.53975
8.62308
8.70004
8.76975
8.83132
8.88384
8.92643
8.95822
8.97838
8.98615
8.98081
8.96175
8.92847
8.88058
8.81784
8.74016
8.64764
8.54061
8.41955
8.28521
8.13827
7.98133
7.83689
7.70483
7.5621
7.40816
7.24457
7.07086
6.90081
6.68943
6.61464
6.12835
6.87854
4.30875
10.0775
4.66556
4.63354
4.59921
4.56401
4.52717
4.48804
4.44664
4.40299
4.35696
4.30839
4.25721
4.20351
4.14735
4.08821
4.02554
3.95972
3.89182
3.82253
3.75186
3.67933
3.60405
3.52496
3.4407
3.34928
3.24889
3.13899
3.02026
2.89351
2.75958
2.61952
2.47348
2.32059
2.16015
1.99206
1.81643
1.63331
1.44265
1.24445
1.0388
0.825917
0.606052
0.379562
0.14691
-0.0913149
-0.334419
-0.581568
-0.831785
-1.08395
-1.33679
-1.58893
-1.8388
-2.08474
-2.32497
-2.55759
-2.78069
-2.99232
-3.19049
-3.37326
-3.53878
-3.68535
-3.81138
-3.91552
-3.99661
-4.05401
-4.0867
-4.09548
-4.07824
-4.04522
-3.9941
-3.94063
-3.842
-3.77642
-3.58833
-3.57636
-3.17576
-3.44259
-2.44172
-3.70258
-0.862725
-5.40627
4.6926
4.71872
4.74641
4.77536
4.80581
4.83776
4.8713
4.90648
4.94337
4.98204
5.02257
5.06502
5.10946
5.15597
5.2046
5.25543
5.30853
5.36395
5.42176
5.48202
5.54477
5.61006
5.67793
5.74841
5.8215
5.89721
5.97555
6.05648
6.13995
6.22592
6.31427
6.40489
6.49767
6.59241
6.6889
6.78691
6.88614
6.98628
7.08693
7.1877
7.28811
7.38765
7.48574
7.58176
7.67505
7.7649
7.85055
7.93122
8.00606
8.07423
8.13486
8.18709
8.23003
8.26287
8.28479
8.29499
8.29286
8.27775
8.24914
8.20674
8.15031
8.07973
7.99521
7.89707
7.78587
7.66213
7.52817
7.40328
7.28814
7.16285
7.02683
6.88136
6.7265
6.57302
6.38536
6.31197
5.8843
6.55816
4.18162
9.67801
4.22509
4.19731
4.16752
4.13697
4.105
4.07109
4.03521
3.99739
3.95752
3.91546
3.87113
3.82459
3.77597
3.72522
3.67146
3.61268
3.54728
3.47551
3.39911
3.31994
3.23951
3.15922
3.08071
3.00538
2.93271
2.85948
2.78073
2.69107
2.58599
2.46447
2.33102
2.19205
2.0501
1.90389
1.75139
1.59171
1.42494
1.25146
1.07147
0.885049
0.692286
0.493374
0.288641
0.0785324
-0.136453
-0.355661
-0.578347
-0.803635
-1.03048
-1.25779
-1.48425
-1.70844
-1.92887
-2.14391
-2.35185
-2.55095
-2.73937
-2.91534
-3.07704
-3.22283
-3.35108
-3.4604
-3.54945
-3.6174
-3.66302
-3.6869
-3.68664
-3.66954
-3.63396
-3.59626
-3.51714
-3.46766
-3.30625
-3.30371
-2.94712
-3.19804
-2.28508
-3.46454
-0.807076
-5.14534
4.24864
4.27143
4.2956
4.32087
4.34747
4.37538
4.4047
4.43547
4.46776
4.50163
4.53715
4.57439
4.61339
4.65425
4.69702
4.74176
4.78854
4.83744
4.8885
4.94179
4.99737
5.05527
5.11556
5.17827
5.24343
5.31107
5.38117
5.45373
5.52876
5.60625
5.68609
5.76822
5.85254
5.93896
6.0273
6.11733
6.20887
6.3017
6.39548
6.48986
6.58446
6.67885
6.77255
6.86505
6.95575
7.04404
7.12923
7.2106
7.28743
7.3589
7.42423
7.48258
7.53305
7.57487
7.60726
7.62935
7.64046
7.63997
7.6272
7.6018
7.56342
7.51178
7.44693
7.36908
7.2786
7.17588
7.06293
6.95612
6.85675
6.74779
6.6287
6.50051
6.36366
6.22624
6.06208
5.98847
5.62604
6.2075
4.06299
9.2304
3.69607
3.67291
3.648
3.62239
3.59562
3.56725
3.53724
3.50558
3.47223
3.43706
3.39995
3.36074
3.31931
3.2756
3.22983
3.18245
3.13345
3.08202
3.0275
2.97035
2.91168
2.85204
2.79094
2.72739
2.66048
2.58909
2.5115
2.42631
2.33415
2.23632
2.13242
2.02147
1.90396
1.78109
1.65319
1.51992
1.38091
1.236
1.08516
0.928506
0.76612
0.598128
0.424705
0.24613
0.0627163
-0.125069
-0.316709
-0.511571
-0.708889
-0.907819
-1.10736
-1.3064
-1.50373
-1.69802
-1.88782
-2.0716
-2.24778
-2.41473
-2.5708
-2.71435
-2.8438
-2.95765
-3.05452
-3.13332
-3.19269
-3.23272
-3.25124
-3.25138
-3.2338
-3.21264
-3.15755
-3.12293
-2.99736
-2.99705
-2.70328
-2.91877
-2.12905
-3.18984
-0.769739
-4.85348
3.71585
3.73506
3.75541
3.77671
3.79914
3.82269
3.84743
3.87343
3.90072
3.92938
3.95947
3.99101
4.02408
4.05878
4.09512
4.13317
4.17302
4.21471
4.25831
4.30386
4.35144
4.40112
4.45293
4.50689
4.56309
4.62154
4.68227
4.74529
4.81063
4.8783
4.94825
5.02043
5.09482
5.17139
5.24997
5.33043
5.41266
5.49652
5.58174
5.66806
5.75521
5.84282
5.93057
6.01805
6.10472
6.19014
6.27371
6.35478
6.43276
6.5069
6.57651
6.64085
6.69903
6.7503
6.79395
6.8291
6.85498
6.87096
6.8763
6.87048
6.85305
6.82363
6.78208
6.72841
6.66276
6.58545
6.49799
6.41327
6.33332
6.24456
6.14654
6.04001
5.92585
5.80881
5.67564
5.5999
5.32906
5.77786
3.9575
8.6821
3.14934
3.13104
3.11136
3.09112
3.06996
3.04753
3.0238
2.99879
2.97244
2.94467
2.91535
2.88435
2.85164
2.81728
2.78156
2.74513
2.70874
2.67288
2.63704
2.59963
2.5589
2.51398
2.46453
2.41018
2.35024
2.2846
2.21417
2.14012
2.0633
1.98423
1.90273
1.81719
1.72558
1.62755
1.52439
1.41706
1.30544
1.18901
1.06748
0.940833
0.809091
0.672361
0.530696
0.384232
0.233148
0.0776902
-0.0817892
-0.244896
-0.411117
-0.579841
-0.750369
-0.921912
-1.09351
-1.26414
-1.43269
-1.59787
-1.75837
-1.91278
-2.05963
-2.19742
-2.32462
-2.4398
-2.5415
-2.62852
-2.69934
-2.75376
-2.78951
-2.80658
-2.80587
-2.80255
-2.76914
-2.75465
-2.65735
-2.67522
-2.42164
-2.64298
-1.91926
-2.95238
-0.656901
-4.66823
3.16511
3.1805
3.19679
3.21388
3.23187
3.25078
3.27066
3.29158
3.31355
3.33665
3.36091
3.38637
3.41311
3.4412
3.47064
3.50151
3.53389
3.56782
3.60337
3.64058
3.6795
3.72023
3.7628
3.80722
3.85359
3.90195
3.95236
4.00482
4.05936
4.11602
4.17482
4.23571
4.29875
4.3639
4.43109
4.50025
4.57132
4.64421
4.71876
4.7948
4.87215
4.95058
5.02984
5.10958
5.1895
5.26921
5.34824
5.42606
5.50223
5.57611
5.64709
5.71457
5.77776
5.83596
5.88849
5.93455
5.97337
6.00426
6.02647
6.03939
6.04248
6.03525
6.01741
5.98872
5.94915
5.89887
5.83903
5.77854
5.72002
5.65388
5.57963
5.49786
5.40959
5.31793
5.21703
5.15429
4.95343
5.3523
3.70303
8.32927
2.68679
2.67214
2.65641
2.64019
2.62325
2.60528
2.58627
2.56622
2.54511
2.52284
2.49936
2.47458
2.44845
2.42089
2.39181
2.36116
2.32889
2.29504
2.25976
2.22316
2.18482
2.14387
2.09978
2.05307
2.00482
1.95584
1.90605
1.85484
1.80124
1.74367
1.68079
1.61246
1.5393
1.46143
1.37865
1.29135
1.20027
1.10557
1.00692
0.903995
0.796679
0.685012
0.569032
0.448831
0.324491
0.19614
0.0639907
-0.0717111
-0.210612
-0.352311
-0.496302
-0.642026
-0.788776
-0.935779
-1.08217
-1.22695
-1.36905
-1.50733
-1.64053
-1.76736
-1.88647
-1.99654
-2.09619
-2.18424
-2.25918
-2.32065
-2.36634
-2.39429
-2.40517
-2.4146
-2.39747
-2.39874
-2.32403
-2.35806
-2.13706
-2.36845
-1.69708
-2.72112
-0.521932
-4.49426
2.69953
2.712
2.7252
2.73904
2.75362
2.76897
2.78512
2.80208
2.81994
2.83871
2.85843
2.87914
2.90091
2.92378
2.94777
2.97296
2.99939
3.02711
3.0562
3.08666
3.11854
3.15195
3.1869
3.22345
3.26166
3.30155
3.34318
3.38662
3.43186
3.47894
3.52793
3.57878
3.63156
3.68627
3.74286
3.80132
3.86162
3.92369
3.98744
4.05281
4.11964
4.18779
4.25708
4.32726
4.39816
4.46945
4.54077
4.61175
4.68202
4.75113
4.81852
4.8837
4.94607
5.00498
5.05985
5.10996
5.15462
5.19319
5.22493
5.24923
5.26556
5.27334
5.27216
5.26173
5.24186
5.21258
5.1748
5.13414
5.09351
5.04659
4.99287
4.93293
4.86782
4.79975
4.72819
4.6808
4.54232
4.91409
3.40615
7.98324
2.2652
2.25343
2.2408
2.22778
2.21415
2.19971
2.18442
2.1683
2.15133
2.13343
2.11455
2.09462
2.07362
2.05148
2.0281
2.00346
1.97749
1.95012
1.92133
1.89117
1.85977
1.82724
1.79318
1.7568
1.71761
1.67616
1.63353
1.59033
1.54646
1.50114
1.4532
1.40129
1.34468
1.28365
1.21856
1.14921
1.07562
0.998481
0.918307
0.834971
0.74811
0.657527
0.563188
0.465168
0.363545
0.258399
0.149847
0.0380379
-0.0767968
-0.194391
-0.314374
-0.436363
-0.559838
-0.684215
-0.808857
-0.93298
-1.05575
-1.17625
-1.29349
-1.40636
-1.51372
-1.61444
-1.70729
-1.7912
-1.86474
-1.92754
-1.97734
-2.01106
-2.02909
-2.04672
-2.04132
-2.05379
-1.99748
-2.04325
-1.85209
-2.08851
-1.47039
-2.47716
-0.383359
-4.28445
2.27548
2.28556
2.29624
2.30743
2.31923
2.33166
2.34474
2.35848
2.37295
2.38817
2.40417
2.42098
2.43867
2.45725
2.47676
2.49727
2.51879
2.54139
2.5651
2.58996
2.61603
2.64334
2.67196
2.70192
2.73328
2.76606
2.80031
2.83609
2.87342
2.91234
2.9529
2.99509
3.03896
3.08453
3.13176
3.18068
3.23128
3.28351
3.33733
3.3927
3.44952
3.50769
3.56709
3.62757
3.68897
3.75109
3.81364
3.87637
3.93896
4.00108
4.06229
4.12221
4.18037
4.23621
4.28927
4.33894
4.38459
4.4257
4.46162
4.49176
4.5156
4.53259
4.54231
4.54444
4.53869
4.52504
4.50414
4.47915
4.45295
4.42183
4.38536
4.3441
4.29911
4.2523
4.20695
4.175
4.09465
4.44018
3.08481
7.5454
1.87164
1.86237
1.85243
1.84216
1.83141
1.82003
1.808
1.7953
1.78193
1.76783
1.75296
1.73727
1.72073
1.70329
1.68488
1.66549
1.64504
1.62347
1.60075
1.57683
1.55169
1.52538
1.49806
1.46972
1.43991
1.40787
1.37325
1.33669
1.29928
1.26156
1.22326
1.18357
1.14129
1.09537
1.04552
0.992021
0.934895
0.874037
0.809886
0.743119
0.673873
0.601853
0.526757
0.448498
0.367113
0.282684
0.195291
0.105017
0.0119989
-0.0835803
-0.181479
-0.281412
-0.383021
-0.485873
-0.589488
-0.693285
-0.796613
-0.898761
-0.998925
-1.09624
-1.18975
-1.27853
-1.3615
-1.43776
-1.50605
-1.566
-1.61549
-1.65102
-1.67264
-1.69478
-1.69718
-1.71705
-1.67511
-1.72893
-1.56374
-1.80166
-1.23408
-2.21822
-0.233249
-4.04009
1.87977
1.88775
1.89621
1.90509
1.91445
1.9243
1.93467
1.94558
1.95706
1.96915
1.98187
1.99525
2.00931
2.0241
2.03964
2.05599
2.07316
2.09119
2.11012
2.13
2.15087
2.17274
2.19568
2.21972
2.24491
2.27128
2.29886
2.32771
2.35785
2.38935
2.4222
2.45645
2.49213
2.52926
2.56782
2.60786
2.64938
2.69235
2.73676
2.78258
2.82974
2.87822
2.92791
2.97871
3.0305
3.08314
3.13647
3.19026
3.24426
3.29825
3.35189
3.40487
3.45685
3.50736
3.55602
3.60237
3.64589
3.6861
3.72248
3.75451
3.78172
3.80364
3.81982
3.82999
3.83386
3.83135
3.82292
3.8099
3.795
3.77649
3.75405
3.72829
3.70019
3.67177
3.64863
3.63096
3.60153
3.92035
2.71581
7.02484
1.50993
1.50279
1.49512
1.48718
1.47888
1.4701
1.46081
1.451
1.44067
1.42978
1.41828
1.40615
1.39337
1.37987
1.36564
1.35065
1.33484
1.31815
1.30055
1.282
1.26245
1.24189
1.22032
1.19782
1.17447
1.15026
1.12463
1.09683
1.06675
1.03517
1.00312
0.970945
0.938198
0.904007
0.867289
0.827357
0.784208
0.737953
0.688517
0.636128
0.581441
0.52484
0.466158
0.405101
0.341526
0.275452
0.206956
0.136096
0.0629352
-0.0124231
-0.089847
-0.169123
-0.250025
-0.33224
-0.415425
-0.499166
-0.582971
-0.666304
-0.748554
-0.829051
-0.907048
-0.98178
-1.05239
-1.11815
-1.17795
-1.23156
-1.27703
-1.31098
-1.33304
-1.35641
-1.36305
-1.38679
-1.35528
-1.41371
-1.27015
-1.50663
-0.983953
-1.94202
-0.0626676
-3.75736
1.51621
1.52237
1.5289
1.53574
1.54296
1.55056
1.55856
1.56697
1.57583
1.58515
1.59496
1.60528
1.61613
1.62754
1.63954
1.65216
1.66542
1.67933
1.69396
1.70933
1.72545
1.74237
1.76012
1.77872
1.79824
1.81867
1.84006
1.86245
1.88587
1.91036
1.93594
1.96263
1.99048
2.01951
2.0497
2.08112
2.11375
2.1476
2.18267
2.21895
2.25638
2.29499
2.3347
2.37543
2.41712
2.45967
2.50298
2.54689
2.59122
2.63582
2.68042
2.7248
2.76871
2.81178
2.85372
2.89419
2.93276
2.96904
3.0026
3.03307
3.06001
3.083
3.10172
3.11588
3.12523
3.1297
3.1296
3.12505
3.11836
3.10921
3.09741
3.08364
3.06877
3.05517
3.04944
3.04336
3.05599
3.34724
2.28105
6.42043
1.132
1.12674
1.12108
1.11522
1.1091
1.10262
1.09578
1.08855
1.08095
1.07293
1.06447
1.05555
1.04615
1.03624
1.02579
1.01479
1.00319
0.990955
0.978066
0.964486
0.950166
0.935084
0.91922
0.902572
0.885179
0.867117
0.848477
0.829106
0.80838
0.785661
0.76111
0.735694
0.710278
0.68501
0.659379
0.63254
0.603699
0.572498
0.538879
0.502685
0.463926
0.423081
0.380604
0.336389
0.290072
0.241468
0.190632
0.137725
0.0828963
0.0262473
-0.0321223
-0.0920717
-0.15342
-0.215943
-0.279383
-0.343441
-0.407763
-0.471956
-0.535579
-0.598152
-0.659118
-0.717912
-0.773887
-0.826506
-0.874878
-0.918885
-0.95686
-0.986043
-1.00559
-1.02708
-1.03456
-1.05876
-1.03383
-1.09335
-0.966926
-1.19834
-0.715439
-1.639
0.130973
-3.39488
1.13666
1.14124
1.14609
1.15119
1.15656
1.16224
1.16821
1.17449
1.18112
1.1881
1.19544
1.20317
1.21131
1.21989
1.22892
1.23841
1.24839
1.25889
1.26994
1.28155
1.29373
1.30654
1.32001
1.33412
1.34894
1.36447
1.38075
1.3978
1.41565
1.43434
1.45386
1.47425
1.49555
1.51774
1.54086
1.56492
1.58994
1.6159
1.64281
1.67069
1.69948
1.72919
1.75977
1.79118
1.82339
1.85631
1.88988
1.924
1.95855
1.9934
2.02839
2.06336
2.09813
2.13244
2.1661
2.19883
2.23035
2.26036
2.28855
2.31463
2.33826
2.35911
2.377
2.39161
2.40277
2.41047
2.41489
2.41542
2.41407
2.41122
2.40681
2.4015
2.39591
2.39267
2.39804
2.39767
2.43987
2.70101
1.74947
5.67247
0.828216
0.824621
0.820765
0.816783
0.812614
0.808193
0.803514
0.798585
0.793383
0.787877
0.782073
0.77595
0.769479
0.762655
0.75546
0.747855
0.739824
0.731359
0.722426
0.712994
0.703042
0.692542
0.681458
0.669771
0.657485
0.644609
0.631196
0.617342
0.603072
0.588056
0.57157
0.553197
0.533448
0.513337
0.493374
0.473208
0.45201
0.428943
0.403674
0.376398
0.347294
0.316384
0.284182
0.251431
0.218328
0.184519
0.149563
0.113259
0.0756207
0.0367343
-0.00331896
-0.0444718
-0.0866387
-0.129702
-0.173505
-0.217866
-0.262552
-0.307299
-0.351808
-0.39576
-0.438764
-0.48044
-0.520333
-0.5581
-0.593061
-0.625238
-0.653261
-0.675427
-0.690239
-0.707445
-0.713
-0.734871
-0.71307
-0.770843
-0.656852
-0.879844
-0.431412
-1.3054
0.340451
-2.90394
0.831352
0.834386
0.837612
0.840989
0.844544
0.848281
0.852207
0.856339
0.860692
0.865263
0.870059
0.875096
0.880397
0.885971
0.891821
0.897955
0.904398
0.911175
0.918282
0.925733
0.933543
0.941741
0.950353
0.959367
0.968809
0.978703
0.98907
0.999921
1.01128
1.02317
1.03559
1.04858
1.06215
1.07631
1.09108
1.10648
1.12254
1.13925
1.1566
1.17463
1.19332
1.21266
1.23265
1.25326
1.27449
1.29627
1.31858
1.34137
1.36455
1.38803
1.41174
1.43555
1.45934
1.48296
1.50628
1.52909
1.55121
1.57245
1.5926
1.61146
1.6288
1.6444
1.65815
1.6698
1.67928
1.6866
1.69186
1.69455
1.69551
1.69551
1.69465
1.69359
1.69278
1.69538
1.70667
1.70724
1.76541
1.99435
1.13368
4.71579
0.341699
0.339318
0.336742
0.334069
0.331271
0.328309
0.325176
0.32187
0.318379
0.314686
0.310789
0.306673
0.302316
0.297706
0.29284
0.287685
0.282219
0.276431
0.270294
0.263779
0.256862
0.249511
0.241686
0.233345
0.224454
0.214978
0.204878
0.194086
0.18244
0.169755
0.155878
0.140699
0.124776
0.110522
0.102414
0.105183
0.121128
0.148616
0.18214
0.213661
0.235166
0.241383
0.231416
0.208832
0.179913
0.150186
0.122048
0.0953597
0.0692325
0.043125
0.0169678
-0.00912231
-0.0350678
-0.0608485
-0.0864556
-0.111866
-0.137029
-0.161871
-0.186299
-0.210209
-0.233447
-0.255866
-0.277259
-0.297509
-0.316196
-0.333516
-0.348396
-0.360574
-0.368067
-0.378355
-0.379195
-0.395799
-0.374448
-0.425834
-0.324982
-0.523368
-0.135758
-0.874279
0.48522
-2.03262
0.343832
0.345959
0.348226
0.350605
0.353121
0.355771
0.358554
0.3615
0.364617
0.367897
0.371345
0.374977
0.378814
0.382853
0.3871
0.391566
0.396269
0.401226
0.406423
0.411879
0.417616
0.423639
0.429953
0.436563
0.443485
0.450725
0.458296
0.466197
0.474436
0.483031
0.491969
0.501267
0.510913
0.520908
0.531254
0.541955
0.553008
0.564386
0.576104
0.588145
0.60048
0.613103
0.626014
0.639184
0.652581
0.666197
0.679984
0.693914
0.707951
0.722041
0.736154
0.75022
0.764189
0.777992
0.791575
0.80485
0.817733
0.830177
0.842045
0.853241
0.863637
0.873133
0.881664
0.889067
0.895317
0.900434
0.904515
0.90693
0.908746
0.91051
0.912364
0.9145
0.916228
0.919281
0.926391
0.912458
0.950747
1.13792
0.368161
3.23059
0.302908
0.302874
0.302865
0.302859
0.302843
0.30282
0.302795
0.302762
0.302722
0.302682
0.302646
0.30261
0.302573
0.302539
0.302521
0.302521
0.302544
0.302602
0.302701
0.302864
0.303108
0.303458
0.303951
0.304607
0.305416
0.306317
0.307212
0.30816
0.309666
0.313069
0.320629
0.334749
0.356033
0.380862
0.400422
0.402863
0.377775
0.320688
0.235735
0.135967
0.0404378
-0.0320572
-0.0707375
-0.0775437
-0.0647019
-0.0464078
-0.0314822
-0.0220295
-0.0165652
-0.0133317
-0.0115735
-0.0112427
-0.012386
-0.0149066
-0.0185981
-0.0232521
-0.028676
-0.0346936
-0.0411285
-0.0478255
-0.0546305
-0.0614228
-0.0680584
-0.0745086
-0.0805327
-0.086425
-0.0915206
-0.0966813
-0.0989034
-0.103601
-0.10171
-0.112263
-0.0958676
-0.132104
-0.0639285
-0.193495
0.0461726
-0.376181
0.390559
-0.878382
0.302915
0.30288
0.302833
0.302764
0.302681
0.302581
0.302451
0.302299
0.302123
0.301917
0.301677
0.301399
0.301086
0.300732
0.300333
0.299884
0.299385
0.298838
0.298227
0.297557
0.296833
0.296042
0.295183
0.294259
0.29327
0.292212
0.291094
0.289912
0.288669
0.287377
0.286037
0.284659
0.283244
0.281811
0.28037
0.27893
0.277504
0.276106
0.274762
0.273477
0.272259
0.271128
0.270104
0.269192
0.268405
0.26776
0.267256
0.266904
0.266706
0.266672
0.266802
0.267074
0.267476
0.267966
0.268516
0.269068
0.269592
0.270074
0.270461
0.270744
0.270914
0.270978
0.270952
0.270833
0.270721
0.270576
0.270537
0.271869
0.271131
0.269069
0.26594
0.262485
0.259611
0.261176
0.271818
0.275223
0.309417
0.409824
0.00585859
1.35224
)
;

boundaryField
{
    inlet
    {
        type            freestreamPressure;
        freestreamValue uniform 0;
        value           nonuniform List<scalar> 
134
(
0.742667
0.0445508
-0.682839
-1.31233
-1.765
-2.03877
-2.08062
-1.88655
-1.46115
-0.682084
-0.125426
-0.202955
-0.339512
-0.468315
-0.598719
-0.735384
-0.879542
-1.03193
-1.1947
-1.37174
1.42529
-1.56837
-1.78733
-2.0185
-2.2358
-2.39289
-2.46919
-2.60391
-2.60733
-2.65883
-3.17466
-2.91867
-2.92961
-2.98657
-3.02892
-3.04999
-3.07039
-3.12304
-3.25495
-3.41482
2.06898
2.73278
3.2965
3.6086
3.55804
2.95269
1.59352
-3.76576
-3.68369
-3.55534
-3.47225
-3.41082
-3.34191
-3.26416
-3.18453
-3.10502
-3.0245
-2.94197
-2.85742
-2.77089
-2.68186
-2.58948
-2.49219
-2.38736
-2.27226
-2.14341
-2.06163
-1.98477
-1.89203
-1.78396
-1.65889
-1.49855
-1.28146
-0.896637
-0.387257
0.552191
1.22221
1.9643
2.69716
3.40919
4.08383
4.6561
5.0935
5.40654
5.60555
5.71752
5.77256
5.7969
5.81176
5.84814
5.95562
6.15325
6.36839
6.54486
6.68958
6.81494
6.92322
7.01054
7.07496
7.11768
7.14254
7.15858
7.18415
7.26569
7.47355
7.92329
8.11287
7.92182
7.70214
7.5615
7.44625
7.31515
7.17164
7.0264
6.88057
6.73123
6.57671
6.41627
6.24895
6.07291
5.88532
5.68251
5.4576
5.20556
4.89674
4.69827
4.50376
4.25757
3.96478
3.62472
3.20361
2.66449
1.82619
0.764989
)
;
    }
    outlet
    {
        type            freestreamPressure;
        freestreamValue uniform 0;
        value           nonuniform List<scalar> 
160
(
0.000904533
0.000904622
0.000904362
0.000904591
0.000904257
0.00090453
0.000904157
0.000904411
0.000904019
0.000904254
0.000903859
0.000904053
0.000903683
0.00090377
0.000903482
0.000903428
0.000903251
0.000903022
0.000903013
0.000902535
0.000902777
0.000901953
0.000902536
0.000901269
0.000902284
0.000900493
0.000902033
0.000899602
0.000901817
0.000898588
0.000901647
0.000897441
0.000901534
0.000896154
0.000901511
0.000894739
0.000901602
0.000893151
0.000901865
0.000891402
0.000902354
0.000889506
0.000903138
0.000887431
0.00090433
0.000885171
0.000906006
0.000882739
0.000908164
0.000880134
0.00091064
0.00087735
0.000913122
0.00087441
0.000915653
0.000871303
0.000919487
0.000868044
0.000928289
0.000864672
0.000948575
0.000861189
0.000987596
0.000857626
0.00104778
0.000853991
0.00111966
0.000850339
0.00117865
0.000846708
0.00119031
0.000843126
0.00112231
0.000839638
0.00095803
0.000836287
0.000706971
0.000833157
0.000408145
0.000830268
0.000121121
0.000827648
-9.55989e-05
0.000825365
-0.000209874
0.000823488
-0.000229051
0.000822036
-0.000190561
0.00082106
-0.000136498
0.000820621
-9.25765e-05
0.000820726
-6.47959e-05
0.000821421
-4.87384e-05
0.000822725
-3.92334e-05
0.00082468
-3.40648e-05
0.000827308
-3.30975e-05
0.000830549
-3.6472e-05
0.00083439
-4.39084e-05
0.000838722
-5.48048e-05
0.000843467
-6.85551e-05
0.000848477
-8.46027e-05
0.000853663
-0.00010244
0.000859013
-0.000121561
0.000864373
-0.000141525
0.00086973
-0.000161894
0.00087508
-0.000182329
0.000880459
-0.000202423
0.000885948
-0.000222108
0.000891549
-0.000240694
0.000897618
-0.000259054
0.000904068
-0.000275262
0.000911389
-0.00029167
0.000922708
-0.000299364
0.00092643
-0.000314489
0.000926344
-0.000310342
0.000923274
-0.000343265
0.000919794
-0.00029601
0.000919158
-0.000406545
0.000935209
-0.000201429
0.000985544
-0.000594687
0.00101321
0.000151675
0.00115607
-0.0011197
0.00155898
0.00141853
2.34822e-05
-0.00227726
0.00500607
)
;
    }
    walls
    {
        type            zeroGradient;
    }
    frontAndBack
    {
        type            empty;
    }
}


// ************************************************************************* //
